1 -12.3391 -41.7491 1.29765 1.64138 1.77829 4.1452 3.0664363267948964 260
1 0.548968 77.1541 -0.166023 1.54881 1.95217 4.39657 0.06725632679489646 261
1 -3.28142 -17.9161 0.901412 1.5849 1.80291 4.28797 0.017806326794896465 5
1 -37.7949 -1.18139 1.18532 1.44634 2.04768 4.75239 0.9182083267948966 6
1 -3.28102 -11.0682 0.900407 1.73388 1.95766 4.25171 -0.0018036732051034399 7
1 1.40272 86.799 -0.377309 1.42604 1.84334 4.39129 0.0486363267948966 262
1 -7.01282 -6.64445 1.03788 1.79018 2.12721 4.60725 0.006006326794896655 9
1 -3.4095 -4.44606 1.0282 1.90401 2.19449 4.43006 -0.014313673205103461 10
1 -10.5526 37.3327 0.885938 1.65885 1.81151 4.21138 0.6021463267948965 263
1 -35.7151 4.91097 1.2107 1.52735 1.95888 4.59339 0.9604443267948966 13
3 -46.9182 28.7479 1.35077 2.63793 2.37247 7.19453 4.076326326794897 14
1 -44.4802 22.6686 0.960109 1.61729 1.79904 4.069 4.0167663267948965 251
1 -26.2397 -2.77606 1.11758 1.60836 2.03844 4.39303 1.7232753267948966 16
1 -0.115121 -5.76264 0.819504 1.4958 1.99758 4.20566 0.03402632679489659 17
1 20.928 69.2296 -0.00634569 1.65139 1.87493 5.42138 4.087796326794896 18
3 -42.8018 -0.126757 2.06185 3.17391 2.73262 7.86257 0.9230613267948966 19
1 0.138171 -19.7327 0.812098 1.56473 1.75163 4.22304 0.029636326794896473 20
1 -6.52908 -19.92 0.869398 1.60798 1.74133 4.23815 0.0014963267948966408 23
4 -16.796 8.29461 0.987301 1.55843 0.769617 2.251 4.696936326794896 25
1 -3.4439 -38.0166 0.909582 1.64847 1.87218 4.30461 -0.011793673205103383 26
1 -6.71985 -13.6531 1.27476 1.67525 2.07282 3.9978 -0.03254367320510343 27
2 -3.42899 -25.5346 1.76539 3.29086 2.92481 6.48548 -0.005193673205103444 28
1 -40.5056 -7.39912 1.26166 1.41934 1.88943 4.145 0.9114983267948965 29
1 -45.5422 17.8289 1.04991 1.5488 1.86737 4.48833 4.013726326794897 264
1 -6.6775 -26.1562 0.889749 1.5971 1.71967 4.27056 -0.016073673205103445 31
4 16.2242 25.314 0.385798 1.60592 0.645372 1.57203 0.25329632679489666 32
1 0.0569079 -31.9012 1.1228 1.80154 2.17665 4.55896 0.00017632679489665293 33
1 -16.7631 -36.963 1.47842 1.66985 1.76859 4.33877 3.1291863267948967 34
4 -16.6508 -2.54027 1.09135 1.74865 0.747405 2.12204 3.242546326794897 35
1 -0.297597 -13.1535 0.905213 1.70273 2.03383 4.32563 0.026136326794896636 36
4 6.4791 4.65138 0.733084 1.43778 0.657536 1.60646 0.04083632679489657 37
4 5.4349 13.8861 0.657858 1.67053 0.70569 1.60271 0.24872632679489648 38
1 -3.34395 -44.2872 1.27335 1.83623 1.79199 4.0254 -0.012633673205103335 39
4 7.61339 14.3106 0.588001 1.57293 0.872671 1.64856 0.3684563267948966 41
1 -0.673617 -45.4895 1.25328 1.5614 1.75928 4.30379 0.015906326794896453 42
3 -46.5227 -7.64212 2.39723 3.47549 3.10961 11.2508 0.9328983267948966 43
4 17.8611 30.6107 0.347377 1.62502 0.663611 1.45992 4.123746326794897 44
4 6.85624 19.9778 0.58475 1.57908 0.607553 1.70585 0.26851632679489645 45
4 6.27043 -27.3123 0.897903 1.3792 0.759475 1.66129 -0.009263673205103462 46
4 -4.53362 6.57481 0.839307 1.61903 0.678396 1.70242 4.175986326794897 47
6 38.766 49.5798 0.0595558 1.70164 0.639648 0.622567 2.5091313267948965 49
4 -30.7623 6.62465 1.18437 1.61916 0.582476 1.69323 -0.07691367320510345 50
6 8.03078 -31.1636 1.0044 1.60969 0.546939 0.552945 2.9903363267948966 52
4 5.64322 17.6973 0.637974 1.70541 0.763374 1.59501 0.27212632679489657 53
4 -33.9996 38.4351 0.71531 1.67245 0.816374 1.68583 2.3136803267948967 54
6 8.94345 -12.1091 1.11366 1.69111 0.681955 0.47032 -0.08855367320510354 57
6 9.05653 -32.0297 1.04018 1.64382 0.60504 0.475814 3.079446326794897 71
5 5.48783 20.5669 0.548245 1.44859 0.870278 1.69139 0.3283463267948965 59
4 8.16548 20.0042 0.569762 1.51325 0.563932 1.65349 0.3594563267948965 60
6 40.1237 47.4644 0.00363635 1.76872 0.650751 0.797265 2.5267713267948966 63
1 -6.92895 -35.5212 1.10169 1.60798 1.70956 4.23815 0.0014963267948966408 64
1 -0.539727 -39.5393 1.25328 1.5614 1.75928 4.30379 0.015906326794896453 65
1 -1.30723 -50.6739 1.22421 1.61954 1.75928 4.30379 0.015906326794896453 66
1 -3.62955 -50.7647 1.12355 1.61954 1.75928 4.30379 0.015906326794896453 67
4 7.86569 -11.8092 0.995135 1.6896 0.913003 1.63155 -0.027523673205103405 70
6 8.36803 -31.8347 1.06171 1.83997 0.607742 0.621101 3.079446326794897 58
4 5.9318 -16.9601 0.886159 1.63652 0.67445 1.62422 -0.030133673205103406 72
6 9.33838 -27.8101 1.06467 1.68531 0.607742 0.798408 -0.0621436732051035 73
6 9.26015 -39.802 1.02732 1.54209 0.623145 0.611269 -0.0621436732051035 74
4 4.86013 15.2954 0.603835 1.56213 0.895283 1.6452 0.24872632679489648 77
4 6.13009 16.1514 0.680071 1.77279 0.70569 1.60271 0.24872632679489648 78
4 7.30598 16.1286 0.637766 1.68818 0.70569 1.60271 0.24872632679489648 79
4 13.039 23.6384 0.499373 1.40228 0.609859 1.65349 0.9635013267948965 80
4 9.1839 8.83187 0.581464 1.13454 0.579494 1.51784 0.04083632679489657 81
4 16.1796 22.4114 0.368121 1.12844 0.480115 1.36418 2.5416723267948966 82
4 16.9749 23.2872 0.352679 1.21653 0.550068 1.65802 2.3542483267948966 83
4 17.4388 23.505 0.31185 1.05663 0.368311 1.37354 2.3542483267948966 84
4 19.0627 24.4693 0.352679 1.21653 0.558479 1.60746 1.9916203267948966 85
4 25.1396 29.3436 0.249013 1.0092 0.518833 1.60746 2.6482263267948967 86
4 26.0245 30.5938 0.249013 1.0092 0.518833 1.60746 2.6482263267948967 87
3 -14.1492 82.803 0.451834 3.06815 3.0884 8.71226 3.1875663267948964 89
4 -36.6979 40.375 0.48117 1.47813 0.695434 1.64434 2.3136803267948967 100
6 -41.0192 34.7965 0.88564 1.79285 0.767861 0.59733 2.3552983267948964 105
4 12.1435 69.5606 -0.0984184 1.67414 0.770856 1.61205 3.6854863267948965 109
6 20.5301 92.0966 -0.729146 1.55702 1.09411 0.621874 4.103536326794897 110
6 22.2732 95.5425 -0.77637 1.49982 0.684887 0.788823 4.103536326794897 111
6 33.8101 99.8567 -1.00666 1.57564 0.610492 0.89946 4.103536326794897 112
6 -29.8582 -5.16034 1.32004 1.90372 0.638914 0.435486 -0.7366636732051033 117
6 -31.9204 -7.07699 1.23272 1.78231 0.585314 0.486821 0.7245443267948966 118
4 -20.6987 -36.4436 1.21161 1.41949 0.679279 1.61103 3.0874763267948966 119
5 -35.6005 -10.0647 1.19831 1.43887 1.63749 2.93469 0.6516053267948966 123
6 -23.5284 -27.4777 1.26851 1.66947 0.598767 0.637412 -0.6370736732051037 130
4 11.2347 22.1671 0.499373 1.40228 0.512257 1.65349 0.9635013267948965 133
4 13.1068 22.8779 0.407589 1.40228 0.512257 1.65349 0.9635013267948965 132
4 27.1847 32.048 0.280113 1.0714 0.518833 1.60746 2.6482263267948967 141
1 -14.24 74.5104 -0.187673 1.5452 1.93384 4.20244 3.1823363267948963 142
4 -25.5549 55.8298 0.198464 1.61826 0.66653 1.64181 3.220306326794897 134
4 -26.6642 59.6959 0.270581 1.51303 0.66653 1.64181 3.220306326794897 149
4 -32.3477 -4.89395 1.26142 1.6859 0.602152 1.78715 0.5020463267948965 116
6 10.2376 -49.5069 1.12783 1.58705 0.674359 0.635276 3.079446326794897 159
1 -10.5375 74.8019 -0.206238 1.42788 2.00065 4.1913 3.1823363267948963 191
1 -28.1736 37.0748 0.743776 1.79486 1.98784 4.84227 3.7657763267948967 237
1 -24.8257 19.7981 1.1153 1.72778 1.93114 4.733 0.8110723267948966 265
6 8.69793 -27.7181 1.05027 1.68592 0.607742 0.670568 -0.0621436732051035 181
1 -48.9042 -13.8873 1.60646 1.6945 1.89341 4.38177 0.9114983267948965 183
6 -24.6012 -33.644 1.45631 1.64587 0.574098 0.570321 0.1015963267948965 184
1 -17.8122 -45.4042 1.23794 1.66985 1.71096 4.10116 3.1291863267948967 193
5 -21.6046 -23.6414 1.67587 2.69181 2.28963 3.80531 2.2883743267948966 131
1 -38.2201 11.206 1.41071 1.92691 2.25704 5.30661 0.8976033267948965 197
4 -38.6978 -21.5723 1.21435 1.03424 0.571569 1.62716 3.0408563267948967 198
6 -31.7701 -19.0866 1.22379 1.58855 0.397433 0.418448 -1.2974836732051034 125
6 -30.3564 -18.1723 1.23127 1.64479 0.429746 1.23424 -0.5844736732051032 207
6 -46.2222 -29.3589 1.95046 1.66055 0.692999 0.494686 0.9483543267948965 208
6 -44.8462 -28.5728 1.65002 1.30575 0.586836 0.456405 0.9483543267948965 209
1 -7.08649 76.2514 -0.31711 1.42788 1.88408 4.1913 3.1823363267948963 211
1 -10.1145 81.217 -0.275918 1.42788 1.7976 4.24189 3.1823363267948963 212
1 -21.6373 64.0634 -0.105744 1.4909 1.82828 4.24566 3.1774363267948966 215
1 -21.3501 81.1741 0.0669857 1.99503 1.82828 5.05891 3.1774363267948966 216
1 -3.12483 -31.5065 0.909582 1.64847 1.87218 4.30461 -0.011793673205103383 240
4 8.96479 17.8462 0.53483 1.60663 0.852687 1.6304 0.4013363267948966 51
1 -10.4401 89.298 -0.615858 1.42788 1.7976 4.1913 3.1823363267948963 213
6 -37.6899 37.2996 0.818422 1.60958 0.651098 0.59733 2.3552983267948964 226
6 -37.0153 39.5321 0.599067 1.59453 0.651098 0.59733 2.3552983267948964 227
6 -36.8991 38.881 0.599067 1.59453 0.651098 0.59733 2.3552983267948964 228
6 -37.663 39.5253 0.599067 1.59453 0.651098 0.59733 2.3552983267948964 229
4 -25.3642 51.3324 0.291208 1.61826 0.66653 2.05179 3.5363163267948963 241
1 -32.2326 42.733 0.556333 1.63761 2.16164 4.56725 2.2996263267948964 242
1 -39.6582 14.851 1.15715 1.45407 1.66306 4.53797 0.05178632679489659 243
4 -31.8977 -22.4383 1.08178 0.965945 0.415893 1.71798 3.518706326794897 245
6 8.57424 -54.4143 1.14857 1.62853 0.674359 0.635276 3.079446326794897 253
6 9.26676 -54.5112 1.14857 1.62853 0.674359 0.635276 3.079446326794897 254
6 -27.8461 49.0691 0.411242 1.74571 0.666819 0.554063 2.4688103267948964 114
6 -26.2917 48.8101 0.411242 1.74571 0.619016 0.619408 2.4688103267948964 170
4 -26.716 48.362 0.346815 1.50868 0.628775 1.64995 2.5340563267948966 97
4 -24.844 47.6983 0.428371 1.68989 0.655855 1.68063 3.2701863267948967 255
1 -37.585 8.3504 1.12032 1.47339 2.11014 4.38673 0.8976033267948965 266
6 -44.3875 -27.6829 1.65002 1.30575 0.539888 0.456405 0.9483543267948965 257
4 -25.0326 62.5554 0.275476 1.59694 0.66653 1.64181 3.2575263267948964 239
4 -24.0097 66.9673 0.074011 1.59694 0.66653 1.64181 3.2575263267948964 267
4 -27.1575 46.7405 0.428371 1.68989 0.655855 1.68063 3.2701863267948967 268
4 -28.3252 46.6166 0.428371 1.68989 0.580242 1.68063 3.1564263267948967 269
6 -29.1193 46.1759 0.517441 1.65779 0.544834 0.660946 2.3559103267948966 62
6 -28.8562 44.954 0.627602 1.79746 0.862215 0.69271 2.3559103267948966 270
4 -28.0339 63.3125 0.0937065 1.47278 0.633625 1.68181 3.238346326794897 225
4 -27.3819 60.9664 0.147034 1.46182 0.64326 1.78971 3.238346326794897 271
4 -28.5738 59.8477 0.148416 1.52113 0.718707 1.81533 3.1730063267948965 259
4 -30.1043 57.4348 0.2961 1.65419 0.5884 1.66816 3.1876563267948965 152
4 -29.4496 58.3074 -0.599675 1.52794 0.574713 1.6799 3.1876563267948965 272
4 -28.3343 55.7283 0.225933 1.49358 0.589977 1.67342 3.1876563267948965 258
4 -29.3032 54.4831 0.271059 1.47137 0.585976 1.70911 3.1655763267948966 273
4 -29.9138 54.3731 0.301794 1.42743 0.596578 1.67645 3.1655763267948966 274
6 -29.2146 48.7404 0.205321 1.5154 0.634181 0.766756 2.7245363267948965 275
6 -30.1246 48.4027 0.259929 1.6499 0.687637 0.726675 2.6335563267948965 276
6 -30.561 47.1199 0.262609 1.54389 0.770344 0.564081 2.6572463267948967 277
6 -31.6593 50.817 -0.244768 1.62304 0.521177 0.878236 3.0968263267948966 278
