1 -12.9599 -21.134 1.1356 1.64138 1.74264 4.1452 3.1495563267948965 173
1 -32.583 42.7281 0.55936 1.66608 2.20821 4.66761 2.2669193267948966 2
1 -4.82426 50.9253 0.404898 1.63007 1.90749 4.39657 0.40052632679489664 186
1 -3.27171 -17.9252 0.901412 1.5849 1.74108 4.28797 0.017806326794896465 5
1 -37.7776 -1.17864 1.14369 1.36307 1.91403 4.78333 0.9182083267948966 6
1 -3.27266 -11.0245 0.900407 1.73388 1.96906 4.06305 -0.0018036732051034399 7
1 -0.70926 64.7192 0.0343053 1.42604 1.84334 4.39129 0.28200632679489646 187
1 -7.02108 -6.6444 1.03788 1.79018 2.11068 4.60725 0.006006326794896655 9
1 -3.4205 -4.51981 1.01844 1.8845 2.26043 4.57721 -0.014313673205103461 10
1 -24.6299 19.3236 1.12932 1.78408 1.66565 4.38266 0.7629713267948965 188
1 -35.746 4.95511 1.18781 1.57315 2.06661 4.59339 0.9604443267948966 13
3 -46.9471 28.6912 1.35077 2.63793 2.31571 6.94533 4.076326326794897 14
1 -30.0554 35.1944 0.691912 1.61588 1.79904 4.069 3.8738863267948966 15
1 -31.788 -2.82515 1.18111 1.53895 2.13136 4.59719 1.1121693267948967 16
1 -0.115121 -5.76264 0.819504 1.4958 1.99758 4.20566 0.03402632679489659 17
3 -42.737 -0.0777318 2.06185 3.17391 2.73262 7.70007 0.9230613267948966 19
1 0.123742 -19.7323 0.812098 1.56473 1.72276 4.22304 0.029636326794896473 20
1 1.54894 88.5629 -0.23077 1.87057 1.96483 4.44029 0.030876326794896602 189
1 -6.51824 -20.0747 0.869398 1.60798 1.70524 4.23815 0.0014963267948966408 23
1 -18.5307 67.8448 0.0567036 1.4909 1.82828 4.24566 3.1774363267948966 24
4 -7.59983 8.27212 0.865615 1.6384 0.696854 2.25669 -1.5157536732051033 25
1 -3.42942 -37.9789 0.909582 1.64847 1.87218 4.30461 -0.011793673205103383 26
2 -3.43006 -25.3294 1.76539 3.29086 2.92481 6.07497 -0.005193673205103444 28
1 -45.1149 -11.1313 1.37009 1.53199 1.74901 4.145 0.9114983267948965 29
1 -24.8019 36.508 0.659321 1.41203 1.82377 4.42197 3.6050763267948964 190
1 -6.6775 -26.1562 0.889749 1.5971 1.71967 4.27056 -0.016073673205103445 31
4 16.2242 25.314 0.385798 1.60592 0.645372 1.57203 0.25329632679489666 32
1 0.0397917 -31.7978 1.1228 1.80154 2.19959 4.55896 0.00017632679489665293 33
1 -16.6964 -31.6664 1.47842 1.66985 2.00607 4.74216 3.1291863267948967 34
4 -12.8889 10.6854 1.04025 1.67363 0.613596 2.10613 3.5490663267948968 35
1 -0.297744 -13.1535 0.913863 1.72003 2.10496 4.32563 0.026136326794896636 36
4 6.50559 4.52355 0.733084 1.43778 0.602769 1.60646 0.04083632679489657 37
4 5.46835 13.8843 0.64505 1.64491 0.70569 1.60271 0.24872632679489648 38
1 -3.39901 -44.2312 1.27335 1.83623 1.79199 4.0254 -0.012633673205103335 39
4 7.51068 14.1069 0.583454 1.58202 0.867002 1.64856 0.3684563267948966 41
1 -0.680698 -45.5047 1.25328 1.5614 1.75928 4.30379 0.015906326794896453 42
3 -46.4812 -7.69589 2.39723 3.47549 2.9738 11.2508 0.9138313267948965 43
4 24.4683 35.894 0.304976 1.55201 0.599656 1.61599 4.123746326794897 44
4 6.8317 19.9324 0.576408 1.59576 0.607553 1.61799 0.26851632679489645 45
4 6.20604 -32.326 0.909537 1.47227 0.759475 1.66129 -0.009263673205103462 46
4 3.10005 9.62553 0.715311 1.56495 0.666211 1.65462 -1.0162136732051033 47
6 -28.9974 44.952 0.617416 1.74571 0.65494 0.619408 2.7639163267948965 48
6 38.8081 49.5611 0.0595558 1.70164 0.639648 0.622567 2.5091313267948965 49
4 -30.6437 6.25691 1.19603 1.56362 0.499969 1.65434 0.012896326794896495 50
4 8.94009 17.8719 0.53483 1.60663 0.817246 1.6304 0.4013363267948966 51
6 7.64416 -28.5781 0.995706 1.62709 0.546939 0.387958 2.9903363267948966 52
4 5.69033 17.6831 0.691474 1.59841 0.752929 1.59501 0.27212632679489657 53
4 -34.593 38.5947 0.71531 1.67245 0.816374 1.68583 2.3136803267948967 54
1 -40.2687 11.4938 1.18691 1.51306 1.79024 4.68898 0.6649093267948966 55
6 9.27516 -15.0778 1.11109 1.69624 0.651928 0.435767 -0.08855367320510354 57
5 5.48783 20.5669 0.548245 1.44859 0.870278 1.69139 0.3283463267948965 59
4 7.81225 18.4934 0.536493 1.47652 0.563932 1.65349 0.3594563267948965 60
6 39.618 48.1709 0.00363635 1.76872 0.739544 0.696229 2.5267713267948966 63
1 -6.86921 -35.1698 1.10169 1.60798 1.70956 4.23815 0.0014963267948966408 64
1 -0.501759 -39.4874 1.25328 1.5614 1.75928 4.30379 0.015906326794896453 65
1 -1.1797 -50.6892 1.22421 1.61954 1.75928 4.30379 0.015906326794896453 66
1 -3.61955 -51.4733 1.12355 1.61954 1.75928 4.30379 0.015906326794896453 67
4 7.91529 -14.9648 0.929381 1.55255 0.861534 1.46828 -0.059973673205103495 70
4 5.95461 -23.2868 0.912881 1.73677 0.642397 1.62422 -0.030133673205103406 72
6 9.50509 -30.4385 0.993862 1.54138 0.532737 0.460441 -0.0621436732051035 181
6 9.33035 -42.8833 1.01104 1.54209 0.565471 0.46805 -0.0621436732051035 74
6 10.7795 -54.7028 1.20477 1.69293 0.674359 0.5657 3.079446326794897 75
4 4.84289 15.3211 0.603835 1.56213 0.895283 1.60271 0.24872632679489648 77
4 6.13009 16.1514 0.680071 1.77279 0.70569 1.60271 0.24872632679489648 78
4 7.30598 16.1286 0.622861 1.65837 0.70569 1.60271 0.24872632679489648 79
4 12.8744 23.463 0.499373 1.40228 0.609859 1.65349 0.9635013267948965 80
4 9.20048 8.81168 0.564903 1.10142 0.46092 1.47883 0.04083632679489657 81
4 16.1298 22.4917 0.375643 1.1706 0.518833 1.41026 2.5416723267948966 82
4 16.957 23.305 0.352679 1.21653 0.550068 1.60746 2.3542483267948966 83
4 17.4159 23.5946 0.352679 1.21653 0.612597 1.60746 2.3542483267948966 84
4 19.0627 24.4693 0.352679 1.21653 0.558479 1.60746 1.9916203267948966 85
4 25.1396 29.3436 0.249013 1.0092 0.518833 1.60746 2.6482263267948967 86
4 26.0245 30.5938 0.249013 1.0092 0.518833 1.60746 2.6482263267948967 87
3 -14.1455 82.8197 0.451834 3.06815 2.97204 8.71226 3.1875663267948964 89
4 -28.2538 46.6066 0.357984 1.6486 0.594448 1.63247 2.8037363267948967 97
4 -44.0113 38.8004 0.71295 1.50734 0.672716 1.75472 3.8357963267948967 99
4 -37.0914 40.6533 0.48117 1.47813 0.695434 1.64434 2.3136803267948967 100
6 -36.8457 39.5239 0.52012 1.48138 0.483539 0.485393 2.2987483267948967 101
6 -37.5183 39.6601 0.51151 1.4986 0.483539 0.59733 2.2987483267948967 103
6 -37.712 37.2958 0.801928 1.56377 0.651098 0.59733 2.3552983267948964 104
6 -40.9939 34.7832 0.88564 1.79285 0.651098 0.59733 2.3552983267948964 105
4 16.7345 78.3711 -0.272712 1.67414 0.770856 1.61205 4.076126326794896 109
6 20.6548 92.0262 -0.729146 1.55702 0.821796 0.760829 4.103536326794897 110
6 22.2011 95.495 -0.77637 1.49982 0.684887 0.783521 4.103536326794897 111
6 33.7483 99.8209 -1.00666 1.57564 0.627911 0.810757 4.103536326794897 112
6 -29.8073 -5.14191 1.32004 1.90372 0.666709 0.468746 -0.7370936732051034 117
6 -31.8907 -7.10324 1.23272 1.78231 0.506107 0.486821 0.7245443267948966 118
4 -22.326 -26.3366 1.10368 1.50614 0.679279 1.61103 2.8791163267948967 119
4 -31.8367 -22.4785 1.12786 1.2167 0.546961 1.6756 3.4675663267948966 121
5 -35.957 -10.4132 1.20436 1.42676 1.678 2.93469 0.6516053267948966 123
6 -30.1687 -21.9547 1.42726 1.67866 0.674064 0.632946 -0.13722367320510354 125
6 -23.6624 -27.1325 1.25671 1.64587 0.574098 0.594241 -0.6370736732051037 130
4 10.9658 22.0095 0.499373 1.40228 0.512257 1.65349 0.9635013267948965 133
4 13.5271 22.9351 0.407589 1.40228 0.512257 1.65349 0.9635013267948965 132
4 27.1814 32.0227 0.280113 1.0714 0.518833 1.60746 2.6482263267948967 141
1 -14.2391 74.4073 -0.187673 1.5452 1.73863 4.20244 3.1823363267948963 142
6 -29.1657 46.2011 0.490181 1.63889 0.646663 0.619408 2.7639163267948965 62
4 -24.8233 50.7412 0.398688 1.66728 0.617692 1.72141 3.220306326794897 143
4 -28.4787 55.1406 0.224298 1.61826 0.66653 1.64181 3.220306326794897 134
4 -29.4666 54.5664 0.270581 1.51303 0.66653 1.64181 3.220306326794897 152
4 -28.6268 59.7573 0.215082 1.40203 0.66653 1.64181 3.220306326794897 146
4 -33.0579 -6.56493 1.25845 1.65555 0.602152 1.82866 0.7340213267948965 116
6 10.2325 -49.5215 1.14857 1.62853 0.674359 0.635276 3.079446326794897 159
1 -10.5372 74.8177 -0.275918 1.42788 1.95436 4.1913 3.1823363267948963 191
1 -21.384 52.2185 0.352853 1.83374 2.06494 4.68036 3.2887763267948964 164
4 -24.5573 53.7412 0.21459 1.66292 0.713189 2.03118 3.220306326794897 151
4 -27.0966 54.5569 0.224298 1.61826 0.66653 1.64181 3.220306326794897 144
1 -39.7863 6.76825 1.40687 1.62745 1.69736 4.26742 0.8976033267948965 192
6 9.07881 -30.2887 0.995854 1.54536 0.397448 0.578282 -0.0621436732051035 73
3 -14.1651 96.0837 0.451834 3.06815 2.97204 8.71226 3.1875663267948964 182
4 -25.6681 55.9053 0.170098 1.61826 0.66653 1.64181 3.220306326794897 150
4 -27.1946 46.7373 0.433569 1.42937 0.66653 1.64181 3.4926563267948962 98
6 -30.2015 48.6621 0.322397 1.57178 0.620407 0.619408 2.7639163267948965 170
1 -54.4624 -17.8098 1.73415 1.6945 2.05423 4.145 0.9114983267948965 183
6 -24.5973 -34.7393 1.45631 1.64587 0.574098 0.570321 0.1015963267948965 184
1 -15.9756 -41.5166 1.23794 1.66985 2.00607 4.74216 3.1291863267948967 193
5 -27.7916 -17.8621 1.71709 2.69181 2.00405 3.7833 2.2883743267948966 131
4 -26.5861 48.3984 0.357984 1.6486 0.594448 1.63247 3.0617663267948965 165
6 -26.098 48.9176 0.322397 1.57178 0.739798 0.619408 3.0632063267948966 194
6 -29.1096 48.9562 0.322397 1.57178 0.605946 0.619408 2.7639163267948965 114
6 -27.8328 49.1608 0.44119 1.70097 0.654809 0.493506 2.7639163267948965 195
6 -36.8506 38.9025 0.51151 1.4986 0.483539 0.59733 2.2987483267948967 196
1 -48.473 3.59838 1.48638 1.78648 2.12827 4.35256 0.8976033267948965 197
4 -38.6663 -21.5739 1.19611 0.997748 0.459602 1.62716 3.0408563267948967 198
4 -30.0016 57.0403 0.417408 1.57359 0.66653 1.64181 3.220306326794897 145
4 -30.2397 54.3909 0.270581 1.51303 0.66653 1.64181 3.220306326794897 199
1 -6.62506 -13.6254 1.27476 1.67525 1.88153 3.94853 -0.03254367320510343 27
6 8.54052 -29.6295 1.03501 1.75062 0.526639 0.260996 3.079446326794897 58
6 8.20963 -29.8899 1.06171 1.83997 0.515928 0.37517 3.079446326794897 71
1 20.9025 69.279 -0.00634569 1.65139 1.88391 5.42138 4.087796326794896 18
6 -31.0839 52.0283 0.105038 1.54161 0.772676 0.520336 2.6884163267948966 200
4 -28.2248 63.3598 0.0657761 1.52701 0.633095 1.64159 3.1945663267948965 149
