1 -12.8693 -5.58114 1.01652 1.64138 1.83759 4.21763 3.2071763267948965 1
1 -32.5562 42.6508 0.55936 1.66608 2.20821 4.66761 2.2669193267948966 2
1 -42.2967 22.2314 0.958087 1.59984 1.86727 4.21052 4.021996326794897 3
1 -14.0695 32.4815 0.876677 1.68367 1.74187 4.45563 0.6064793267948966 4
1 -3.26055 -17.9254 0.91715 1.61638 1.76339 4.28797 0.017806326794896465 5
1 -37.8494 -1.21809 1.18532 1.44634 1.89739 4.83557 0.9182083267948966 6
1 -3.28777 -11.1803 0.939508 1.65568 1.92077 4.38917 -0.0018036732051034399 7
1 -7.21052 46.0379 0.476194 1.54571 1.78299 4.34993 0.4696163267948965 8
1 -7.02113 -6.65206 1.01432 1.74306 2.11068 4.59196 0.006006326794896655 9
1 -3.38993 -4.45491 1.01844 1.8845 2.19746 4.4483 -0.014313673205103461 10
1 -36.631 8.79241 1.27118 1.78408 1.75744 4.15656 0.9123963267948966 11
1 -52.7671 17.7423 0.929105 1.42244 1.73511 4.11994 4.077776326794897 12
1 -35.746 4.95511 1.18694 1.57488 2.06661 4.59339 0.9489103267948965 13
3 -46.6899 28.7351 1.41942 2.50064 2.08066 6.79146 4.076326326794897 14
1 -23.8287 44.3985 0.475025 1.57404 1.89552 4.33796 3.5023463267948967 15
1 -36.408 -5.10289 1.24642 1.49429 2.02962 4.24845 1.0532833267948964 16
1 -0.1239 -5.76234 0.819504 1.4958 1.97012 4.20566 0.03402632679489659 17
1 20.8529 69.3478 -0.00634569 1.65139 2.16517 5.42138 4.087796326794896 18
3 -42.766 -0.0996242 2.03965 3.12951 2.73262 7.77263 0.9230613267948966 19
1 0.10298 -19.7317 0.812098 1.56473 1.85201 4.22304 0.029636326794896473 20
1 -0.722639 68.0734 0.0987116 1.87303 2.16066 4.7844 0.24266632679489653 21
1 -21.2562 62.6047 0.032068 1.50521 2.06278 4.35402 3.1453063267948966 22
1 -6.43431 -20.1083 0.869398 1.60798 1.83501 4.17892 0.0014963267948966408 23
1 -18.5215 67.8449 0.00757315 1.58916 1.93764 4.24566 3.1774363267948966 24
4 -1.7393 7.8236 0.812829 1.61948 0.747263 2.21122 -1.3729036732051036 25
1 -3.3472 -37.973 0.909582 1.64847 1.77049 4.15403 -0.07719367320510351 26
1 -6.66557 -13.8229 1.27476 1.67525 2.01428 4.34058 -0.03254367320510343 27
2 -3.40639 -25.3531 1.75248 3.26505 2.87772 6.1228 -0.005193673205103444 28
1 -50.3068 -14.9797 1.42289 1.49469 1.74901 4.11826 0.9114983267948965 29
1 -20.2506 52.021 0.225675 1.49865 1.85516 4.27328 3.1457763267948966 30
1 -6.69141 -26.7035 0.889749 1.5971 1.71967 4.27056 -0.016073673205103445 31
4 16.1924 25.3222 0.385798 1.60592 0.579596 1.57203 0.25329632679489666 32
1 0.0457738 -31.9372 1.1228 1.80154 2.15933 4.55896 0.00017632679489665293 33
1 -16.4607 -22.1921 1.37167 1.66985 2.00607 4.65506 3.1291863267948967 34
4 -8.81412 20.6142 0.900759 1.78227 0.654397 1.95078 3.5490663267948968 35
1 -0.286918 -13.1538 0.937412 1.76713 2.0833 4.32563 0.026136326794896636 36
4 6.50267 4.49092 0.733084 1.43778 0.602769 1.54084 0.04083632679489657 37
4 5.45664 13.8812 0.64505 1.64491 0.70569 1.60271 0.24872632679489648 38
1 -3.36443 -44.2298 1.23419 1.75791 1.79199 4.0254 -0.012633673205103335 39
1 1.00106 79.1954 -0.313657 1.55058 1.84741 4.1913 0.18906632679489666 40
4 7.61237 14.2921 0.583454 1.58202 0.894621 1.64856 0.3684563267948966 41
1 -0.687522 -45.4169 1.25328 1.5614 1.75928 4.30379 0.015906326794896453 42
3 -46.5026 -7.66819 2.39723 3.47549 3.04381 11.2508 0.9145143267948965 43
4 29.9082 39.7779 0.231151 1.55201 0.556932 1.61599 4.123746326794897 44
4 6.85744 19.9589 0.576408 1.59576 0.607553 1.61799 0.26851632679489645 45
4 6.28412 -36.8461 0.853694 1.62818 0.67207 1.7506 -0.009263673205103462 46
4 4.23973 7.17231 0.741509 1.59049 0.593106 1.61991 -0.04140367320510352 47
6 -28.8822 44.8659 0.617416 1.74571 0.814005 0.405699 2.7639163267948965 48
6 38.6123 49.4177 0.0595558 1.70164 0.639648 0.622567 2.5091313267948965 49
4 -30.5385 4.44676 1.14463 1.51365 0.541766 1.65434 0.12487632679489646 50
4 8.96186 17.8779 0.53483 1.60663 0.828223 1.6304 0.4013363267948966 51
6 7.6521 -26.8655 1.00199 1.63965 0.618486 0.775379 2.9903363267948966 52
4 5.4707 17.4616 0.664628 1.59841 0.648527 1.59501 0.27212632679489657 53
4 -33.9148 38.3245 0.659469 1.56077 0.7345 1.3714 2.3136803267948967 54
1 -47.5299 5.26793 1.31763 1.5826 1.91902 4.35256 0.8976033267948965 55
1 54.545 71.0253 -0.0790265 1.52534 1.72814 4.22902 0.7708623267948965 56
6 9.36384 -17.3091 1.04855 1.76647 0.73314 0.665552 -0.08855367320510354 57
6 8.88105 -27.7116 1.02602 1.7686 0.607742 0.63139 3.079446326794897 58
5 5.47271 20.5034 0.548245 1.44859 0.870278 1.69139 0.3283463267948965 59
4 7.80275 18.4709 0.536493 1.47652 0.563932 1.65349 0.3594563267948965 60
1 -50.2733 8.6699 0.985734 1.286 1.84686 4.17286 -0.9223236732051032 61
6 -29.0455 46.1634 0.469786 1.67771 0.628106 0.583124 2.6695163267948967 62
6 39.4646 48.2771 0.00363635 1.76872 0.739544 0.696229 2.5267713267948966 63
1 -6.86925 -35.1104 1.10169 1.60798 1.70956 4.23815 0.0014963267948966408 64
1 -0.510783 -39.4651 1.25328 1.5614 1.75928 4.30379 0.015906326794896453 65
1 -1.16123 -50.6596 1.22421 1.61954 1.75928 4.30379 0.015906326794896453 66
1 -3.62583 -50.7636 1.22421 1.61954 1.75928 4.30379 0.015906326794896453 67
1 -17.4173 -33.7316 1.29967 1.52585 1.77091 4.65506 3.1291863267948967 68
1 -18.264 -55.4223 1.3002 1.5269 1.73514 4.65506 3.1291863267948967 69
4 8.41664 -17.47 0.973292 1.61595 0.864263 1.61291 -0.08855367320510354 70
6 8.2219 -27.9858 1.06171 1.83997 0.607742 0.653219 3.079446326794897 71
4 5.81148 -29.3154 0.912881 1.73677 0.594191 1.61291 -0.030133673205103406 72
6 8.77852 -32.65 1.06525 1.68415 0.607742 0.653219 -0.0621436732051035 73
6 9.41323 -45.6076 1.20608 1.68415 0.630759 0.631035 -0.0621436732051035 74
6 9.84129 -52.2037 1.21735 1.66777 0.674357 0.402479 -0.0621436732051035 75
6 10.3363 -55.1958 1.04326 1.60108 0.674357 0.620228 3.079446326794897 76
4 4.86682 15.3328 0.603835 1.56213 0.873986 1.60271 0.24872632679489648 77
4 6.15033 16.1463 0.680071 1.77279 0.663916 1.60271 0.24872632679489648 78
4 7.30598 16.1286 0.622861 1.65837 0.70569 1.60271 0.24872632679489648 79
4 12.8305 23.3594 0.499373 1.40228 0.512257 1.65349 0.9635013267948965 80
4 9.22837 8.81177 0.581464 1.13454 0.602769 1.48132 0.04083632679489657 81
4 16.1309 22.4262 0.375643 1.1706 0.446569 1.30093 2.5416723267948966 82
4 16.946 23.2939 0.309138 1.12945 0.518833 1.60746 2.3542483267948966 83
4 17.4088 23.5875 0.291324 1.09382 0.404958 1.60746 2.3542483267948966 84
4 19.062 24.4676 0.352679 1.21653 0.518833 1.60746 1.9916203267948966 85
4 25.0462 29.3264 0.352679 1.21653 0.518833 1.60746 2.6482263267948967 86
4 25.9341 30.5215 0.352679 1.21653 0.518833 1.60746 2.6482263267948967 87
1 -3.07715 78.6141 -0.313657 1.55058 1.84741 4.1913 0.18906632679489666 88
3 -14.1122 82.9705 0.438155 3.11382 2.90685 8.71226 3.1875663267948964 89
1 -10.4067 76.0416 -0.313657 1.55058 1.84741 4.1913 3.1823363267948963 90
1 -7.10213 97.1124 -0.734227 1.55058 1.80991 4.19417 3.1823363267948963 91
1 -10.3156 81.3431 -0.393061 1.39177 1.84741 4.1913 3.1823363267948963 92
1 -10.5137 89.2723 -0.549415 1.55058 1.84741 4.1913 3.1823363267948963 93
1 -10.6715 100.787 -0.991787 1.55058 1.84741 4.1913 3.1823363267948963 94
1 -10.1483 106.731 -0.991787 1.55058 1.84741 4.1913 3.1823363267948963 95
6 -25.0825 69.1815 0.00748829 1.56879 0.619256 0.652856 3.1634863267948967 96
4 -28.1574 46.1832 0.357984 1.6486 0.594448 1.63247 2.8037363267948967 97
4 -27.1182 46.683 0.435547 1.49348 0.4342 1.64281 3.4692663267948967 98
4 -38.0631 44.16 0.508673 1.62297 0.672716 1.68003 3.8357963267948967 99
4 -36.5725 40.2696 0.48117 1.47813 0.500769 1.64434 2.3136803267948967 100
6 -36.8457 39.5239 0.52012 1.48138 0.483539 0.485393 2.2987483267948967 101
6 -36.8533 38.9092 0.51151 1.4986 0.483539 0.59733 2.2987483267948967 102
6 -37.5918 39.5824 0.51151 1.4986 0.483539 0.59733 2.2987483267948967 103
6 -37.5856 37.1624 0.801928 1.56377 0.651098 0.387407 2.3552983267948964 104
6 -40.9412 34.7042 0.88564 1.79285 0.651098 0.391918 2.3552983267948964 105
6 -30.2319 48.569 0.362949 1.46404 0.628106 0.583124 2.6695163267948967 106
6 -29.4405 48.7983 0.35191 1.44196 0.628106 0.583124 2.6695163267948967 107
6 -28.113 50.0527 0.442584 1.6233 0.628106 0.583124 2.6695163267948967 108
4 20.4808 85.4016 -0.563544 1.48306 0.605109 1.61205 4.076126326794896 109
6 20.6056 91.9994 -0.729146 1.55702 0.714153 0.689261 4.103536326794897 110
6 22.0558 95.5616 -0.738459 1.57564 0.627911 0.646994 4.103536326794897 111
6 33.7608 99.6307 -1.00666 1.57564 0.627911 0.711191 4.103536326794897 112
1 1.50808 91.1828 -0.548586 1.55058 1.84741 4.15378 0.05904632679489663 113
6 -31.4501 52.313 0.339073 1.41628 0.628106 0.583124 2.6695163267948967 114
1 -44.4917 12.5629 1.12958 1.46271 1.77305 3.99378 4.288696326794897 115
4 -34.5643 -7.68073 1.38029 1.73412 0.509446 1.82866 0.7340213267948965 116
6 -29.8084 -5.17124 1.32004 1.90372 0.625513 0.426915 -0.7370936732051034 117
6 -31.863 -7.06801 1.23272 1.78231 0.462455 0.486821 -0.7370936732051034 118
4 -27.0134 -20.6339 1.10368 1.50614 0.679279 1.61103 2.1080943267948964 119
6 -31.8134 -19.1662 1.19911 1.60782 0.428057 0.487509 -0.35760367320510333 120
4 -31.8867 -22.4617 1.09789 1.15676 0.361756 1.6756 3.4675663267948966 121
4 -38.7074 -21.6383 1.30722 1.10576 0.546961 1.55991 2.9474563267948968 122
5 -35.9388 -10.3894 1.19002 1.45544 1.678 2.6866 0.6516053267948966 123
6 -35.4668 -21.0131 1.38306 1.50072 0.626306 0.526084 1.7168503267948965 124
6 -30.2412 -21.9526 1.4222 1.66854 0.674064 0.611557 -0.13722367320510354 125
6 -29.003 -21.6909 1.22602 1.6421 0.674064 0.611557 -0.13722367320510354 126
6 -46.2404 -29.3677 1.92878 1.68453 0.714733 0.607959 0.9300013267948966 127
6 -44.9818 -28.5326 1.56273 1.14767 0.606643 0.503395 0.9300013267948966 128
6 -44.3732 -27.6548 1.40372 0.82967 0.489907 0.395876 0.9300013267948966 129
6 -23.6828 -27.1624 1.25671 1.64587 0.505633 0.570321 -0.6370736732051037 130
5 -33.2923 -15.0654 1.87281 2.19155 2.26023 3.4798 1.8293153267948965 131
4 12.6977 22.6224 0.177908 1.07523 0.46864 1.42755 0.9362843267948966 132
4 11.2365 22.2651 0.22093 0.961766 0.49027 1.50686 0.7868483267948966 133
4 -30.2857 57.6957 0.374399 1.4893 0.938116 1.75779 3.130426326794897 134
