1 -13.0637 -9.31823 1.05811 1.64138 1.92083 4.1452 3.1495563267948965 1
1 -32.3815 42.4829 0.55936 1.66608 2.24165 4.06345 2.2669193267948966 2
1 -46.4186 18.6527 0.975596 1.63486 1.86727 4.21052 4.021996326794897 135
1 -11.4621 36.6167 0.840944 1.63007 1.75658 4.39657 0.5889103267948965 136
1 -3.24569 -17.9257 0.91715 1.61638 1.79312 4.28797 0.017806326794896465 5
1 -37.8494 -1.21809 1.18532 1.44634 1.89739 4.83557 0.9182083267948966 6
1 -3.27384 -11.0226 0.931019 1.67266 1.93321 4.06696 -0.0018036732051034399 7
1 -5.24904 50.7502 0.385764 1.62028 1.98995 4.36282 0.40818632679489664 137
1 -7.02098 -6.62847 1.01093 1.73628 2.11068 4.63912 0.006006326794896655 9
1 -3.40688 -4.51962 1.01844 1.8845 2.2332 4.57721 -0.014313673205103461 10
1 -33.9037 11.0503 1.27118 1.78408 1.85404 4.56699 0.9123963267948966 11
1 -35.746 4.95511 1.18694 1.57488 2.06661 4.59339 0.9604443267948966 13
3 -46.9689 28.7105 1.33667 2.66615 2.37247 7.06847 4.076326326794897 14
1 -24.8992 42.1071 0.495601 1.53289 1.65672 4.02271 3.6022163267948963 15
1 -35.2654 -4.4386 1.24642 1.49429 2.02962 4.59719 1.0532833267948964 16
1 -0.103584 -5.76303 0.819504 1.4958 1.97449 4.20566 0.03402632679489659 17
1 20.9066 69.2733 -0.00634569 1.65139 1.82565 5.42138 4.087796326794896 18
3 -42.7435 -0.0570537 2.04413 3.13847 2.69183 7.68544 0.9230613267948966 19
1 0.149163 -19.7331 0.812098 1.56473 1.77362 4.22304 0.029636326794896473 20
1 0.453931 72.8397 0.0379026 1.87057 1.96483 4.44029 0.24266632679489653 138
1 -6.49386 -20.0786 0.869398 1.60798 1.70524 4.23815 0.0014963267948966408 23
1 -18.6776 68.1993 0.00757315 1.58916 1.93764 4.24566 3.1774363267948966 24
4 -3.10936 8.0045 0.809328 1.62648 0.827326 2.21122 -1.5157536732051033 25
1 -3.42942 -37.9789 0.909582 1.64847 1.87218 4.30461 -0.011793673205103383 26
1 -6.61174 -13.51 1.27476 1.67525 1.8474 4.20733 -0.03254367320510343 27
2 -3.40545 -25.5345 1.76539 3.29086 2.87772 6.48548 -0.005193673205103444 28
1 -48.9902 -13.8881 1.42031 1.48951 1.67264 4.11818 0.9114983267948965 29
1 -20.4874 48.0272 0.323688 1.38495 1.73921 4.37664 3.263356326794897 139
1 -6.71553 -26.1671 0.889749 1.5971 1.71967 4.27056 -0.016073673205103445 31
4 16.2194 25.3433 0.381354 1.59703 0.669353 1.5178 0.25329632679489666 32
1 0.023656 -31.9382 1.1228 1.80154 2.15933 4.55896 0.00017632679489665293 33
1 -16.4414 -24.7702 1.37167 1.66985 2.00607 4.74216 3.1291863267948967 34
4 -9.84165 18.1177 0.900759 1.78227 0.604974 2.0592 3.5490663267948968 35
1 -0.297744 -13.1535 0.943499 1.7793 2.10496 4.32563 0.026136326794896636 36
4 6.50559 4.52355 0.733084 1.43778 0.602769 1.60646 0.04083632679489657 37
4 5.45664 13.8812 0.64505 1.64491 0.70569 1.60271 0.24872632679489648 38
1 -3.39886 -44.4355 1.27335 1.83623 1.79199 4.0254 -0.012633673205103335 39
4 7.35441 13.8454 0.583454 1.58202 0.683625 1.64856 0.3684563267948966 41
1 -0.628988 -45.4664 1.25328 1.5614 1.75928 4.30379 0.015906326794896453 42
3 -46.5155 -7.69611 2.39886 3.43606 3.07342 11.1962 0.9126243267948966 43
4 28.6285 38.8436 0.231151 1.55201 0.556932 1.61599 4.123746326794897 44
4 6.84839 19.95 0.576408 1.59576 0.620271 1.64 0.26851632679489645 45
4 6.20559 -35.7757 0.853694 1.62818 0.67207 1.66129 -0.009263673205103462 46
4 4.3115 8.16279 0.741509 1.59049 0.638683 1.61991 -0.04140367320510352 47
6 -28.9561 44.9515 0.617416 1.74571 0.739798 0.619408 2.7639163267948965 48
6 38.6123 49.4177 0.0595558 1.70164 0.639648 0.622567 2.5091313267948965 49
4 -30.5339 5.02035 1.14463 1.51365 0.541766 1.65434 0.012896326794896495 50
4 8.96186 17.8779 0.53483 1.60663 0.828223 1.6304 0.4013363267948966 51
6 7.6743 -27.2517 0.977895 1.59147 0.618486 0.796987 2.9903363267948966 52
4 5.5482 17.434 0.664628 1.59841 0.700161 1.59501 0.27212632679489657 53
4 -33.9826 38.4042 0.71531 1.67245 0.797652 1.64434 2.3136803267948967 54
1 -45.0055 6.81231 1.31763 1.5826 1.73323 4.28947 0.8976033267948965 55
6 9.38859 -16.759 1.04855 1.76647 0.703344 0.399982 -0.08855367320510354 57
6 8.86029 -28.2754 0.993028 1.61359 0.661342 0.709392 3.079446326794897 58
5 5.48229 20.5315 0.538624 1.42935 0.870278 1.63199 0.3283463267948965 59
4 7.80275 18.4709 0.536493 1.47652 0.563932 1.65349 0.3594563267948965 60
6 39.5973 48.332 -0.00421577 1.70809 0.869267 0.706731 2.5267713267948966 63
1 -6.86925 -35.1104 1.10169 1.60798 1.70956 4.23815 0.0014963267948966408 64
1 -0.432002 -39.5803 1.25328 1.5614 1.75928 4.30379 0.015906326794896453 65
1 -1.29477 -50.7852 1.22421 1.61954 1.75928 4.30379 0.015906326794896453 66
1 -3.56948 -51.0962 1.12355 1.61954 1.75928 4.30379 0.015906326794896453 67
1 -17.106 -36.1361 1.29967 1.52585 1.77091 4.65506 3.1291863267948967 68
4 8.33634 -16.6866 0.967186 1.62816 0.861534 1.34041 -0.059973673205103495 70
6 8.14734 -28.4983 1.06171 1.83997 0.607742 0.621101 3.079446326794897 71
4 5.84082 -27.788 0.912881 1.73677 0.642397 1.62422 -0.030133673205103406 72
6 8.90166 -32.2515 1.06525 1.68415 0.607742 0.653219 -0.0621436732051035 73
6 9.32384 -45.2437 1.08713 1.44625 0.630759 0.631035 -0.0621436732051035 74
6 10.1877 -52.7917 1.23697 1.62853 0.750805 0.491644 3.079446326794897 75
4 4.86682 15.3328 0.603835 1.56213 0.873986 1.60271 0.24872632679489648 77
4 6.0369 16.1981 0.680071 1.77279 0.502029 1.64746 0.24872632679489648 78
4 7.30598 16.1286 0.622861 1.65837 0.70569 1.60271 0.24872632679489648 79
4 12.8305 23.3594 0.499373 1.40228 0.512257 1.65349 0.9635013267948965 80
4 9.22837 8.81177 0.581464 1.13454 0.602769 1.48132 0.04083632679489657 81
4 16.1279 22.4904 0.352567 1.12445 0.474243 1.41026 2.5416723267948966 82
4 16.946 23.2939 0.352679 1.21653 0.518833 1.60746 2.3542483267948966 83
4 17.449 23.6278 0.352679 1.21653 0.518833 1.60746 2.3542483267948966 84
4 19.0592 24.4805 0.339767 1.19071 0.540179 1.59183 1.9916203267948966 85
4 25.0462 29.3264 0.352679 1.21653 0.518833 1.60746 2.6482263267948967 86
4 25.9341 30.5215 0.352679 1.21653 0.518833 1.60746 2.6482263267948967 87
1 -2.53002 83.9824 -0.210518 1.55058 1.84741 4.1913 0.049036326794896556 140
3 -14.0796 82.969 0.467535 3.17258 2.97204 8.71226 3.1875663267948964 89
1 -10.6425 74.7659 -0.216983 1.42788 1.73863 4.1913 3.1823363267948963 90
1 -7.02674 94.2537 -0.734227 1.55058 1.80991 4.19417 3.1823363267948963 91
4 -28.1574 46.1832 0.357984 1.6486 0.594448 1.63247 2.8037363267948967 97
4 -39.535 42.9416 0.579885 1.50734 0.672716 1.68003 3.8357963267948967 99
4 -36.6141 40.3341 0.48117 1.47813 0.513902 1.64434 2.3136803267948967 100
6 -36.8457 39.5239 0.52012 1.48138 0.483539 0.485393 2.2987483267948967 101
6 -36.8702 38.9243 0.51151 1.4986 0.483539 0.642728 2.2987483267948967 102
6 -37.5117 39.6602 0.51151 1.4986 0.483539 0.59733 2.2987483267948967 103
6 -37.6599 37.2366 0.801928 1.56377 0.651098 0.59733 2.3552983267948964 104
6 -41.0139 34.7768 0.88564 1.79285 0.651098 0.59733 2.3552983267948964 105
4 19.5847 83.6494 -0.563544 1.48306 0.605109 1.61205 4.076126326794896 109
6 20.5748 92.0435 -0.729146 1.55702 0.821796 0.689261 4.103536326794897 110
6 22.7892 95.7612 -0.738459 1.57564 0.627911 0.646994 4.103536326794897 111
6 33.842 99.6797 -1.00666 1.57564 0.627911 0.711191 4.103536326794897 112
6 -29.8084 -5.17124 1.32004 1.90372 0.625513 0.426915 -0.7370936732051034 117
6 -31.863 -7.06801 1.23272 1.78231 0.462455 0.486821 -0.7370936732051034 118
4 -25.6003 -21.8288 1.10368 1.50614 0.486138 1.61103 2.1080943267948964 119
6 -31.8134 -19.1662 1.19911 1.60782 0.428057 0.487509 -0.35760367320510333 120
4 -31.9123 -22.4716 1.12786 1.2167 0.546961 1.6756 3.4675663267948966 121
4 -38.7061 -21.6444 1.30722 1.10576 0.546961 1.55991 2.9474563267948968 122
5 -35.957 -10.4132 1.19002 1.45544 1.678 2.93469 0.6516053267948966 123
6 -35.4668 -21.0131 1.38306 1.50072 0.626306 0.526084 1.7168503267948965 124
6 -30.1428 -21.932 1.42823 1.6806 0.603653 0.611557 -0.13722367320510354 125
6 -28.9732 -21.4554 1.22602 1.6421 0.674064 0.611557 -0.13722367320510354 126
6 -46.2404 -29.3677 1.92878 1.68453 0.714733 0.607959 0.9300013267948966 127
6 -44.941 -28.5874 1.57197 1.1497 0.546041 0.503395 0.9300013267948966 128
6 -44.3732 -27.6548 1.40372 0.82967 0.489907 0.395876 0.9300013267948966 129
6 -23.6604 -27.1926 1.22234 1.57713 0.505633 0.645574 -0.6370736732051037 130
4 10.9636 22.0074 0.499373 1.40228 0.512257 1.65349 0.9635013267948965 133
4 12.368 22.3039 0.499373 1.40228 0.512257 1.65349 0.9635013267948965 132
4 27.1773 31.9641 0.352679 1.21653 0.518833 1.60746 2.6482263267948967 141
1 -14.2174 74.4451 -0.187673 1.5452 1.73863 4.15523 3.1823363267948963 142
6 -29.1739 46.1341 0.617416 1.74571 0.739798 0.619408 2.7639163267948965 62
4 -26.2422 49.1732 0.357984 1.6486 0.594448 1.63247 3.220306326794897 98
4 -24.7677 53.2487 0.411733 1.61826 0.594448 1.63247 3.220306326794897 143
4 -26.9047 54.6042 0.224298 1.61826 0.66653 1.64181 3.220306326794897 144
4 -28.4978 56.7264 0.224298 1.61826 0.66653 1.64181 3.220306326794897 134
4 -29.8489 57.0235 0.323197 1.61826 0.66653 1.64181 3.220306326794897 145
4 -28.7167 59.0177 0.323197 1.61826 0.66653 1.64181 3.220306326794897 146
6 -29.0001 61.1894 0.265852 1.60084 0.628273 0.627474 3.2333563267948966 147
4 -34.1904 -7.27337 1.38029 1.73412 0.509446 1.82866 0.7340213267948965 116
1 -21.1099 -52.3164 1.21378 1.50149 1.77091 4.65506 4.6788363267948965 148
1 -21.5056 -54.7009 1.3443 1.52585 1.77091 4.65506 4.6788363267948965 69
5 -31.9651 -15.5637 1.70275 2.52711 2.10489 3.78018 2.0908903267948964 131
6 -29.6291 48.4484 0.350362 1.71501 0.845182 0.720168 2.8476863267948964 107
6 -33.2756 52.0029 0.396169 1.65623 0.629013 0.658668 2.6293863267948963 114
4 -26.7355 59.674 0.338924 1.55898 0.576198 1.75206 3.1797363267948966 149
4 -25.635 56.2946 0.0766935 1.43685 0.75749 1.72141 3.1865263267948967 150
4 -24.2912 57.5519 0.218875 1.49936 0.740825 1.72272 3.1732063267948964 151
4 -29.2425 54.5324 0.2333 1.51199 0.709585 1.66978 3.1717763267948964 152
4 -28.1151 63.1701 0.0341034 1.59469 0.518194 1.57378 3.1642463267948964 153
