1 -12.6623 -29.3578 1.1356 1.64138 1.85393 4.1452 3.1156863267948967 218
1 -1.63372 61.4188 0.139247 1.63007 1.90749 4.39657 0.24516632679489647 219
1 -3.22776 -17.926 0.901412 1.5849 1.82899 4.28797 0.017806326794896465 5
1 -37.5835 -1.0173 1.14105 1.35781 1.94638 4.161 0.9182083267948966 6
1 -3.28833 -10.9992 0.900407 1.73388 2.00032 4.11373 -0.0018036732051034399 7
1 0.779413 73.8006 -0.209436 1.42604 1.84334 4.39129 0.1355263267948965 220
1 -7.01282 -6.64445 1.03788 1.79018 2.12721 4.60725 0.006006326794896655 9
1 -3.45401 -4.4467 1.01844 1.8845 2.32535 4.43006 -0.014313673205103461 10
1 -18.7124 26.0014 1.04008 1.84209 2.02309 4.43272 0.7464503267948965 221
1 -35.7151 4.91097 1.18694 1.57488 1.95888 4.59339 0.9604443267948966 13
3 -46.9182 28.7479 1.35077 2.63793 2.37247 7.19453 4.076326326794897 14
1 -35.1535 30.272 0.787853 1.61588 1.79904 4.069 3.8738863267948966 222
1 -29.3779 -2.38176 1.14736 1.54879 2.16329 4.27901 1.3113903267948965 16
1 -0.115121 -5.76264 0.819504 1.4958 1.99758 4.20566 0.03402632679489659 17
1 20.9503 69.2127 -0.00634569 1.65139 1.93536 5.42138 4.087796326794896 18
3 -42.7264 -0.0825413 2.06185 3.17391 2.71219 7.68901 0.9230613267948966 19
1 0.123742 -19.7323 0.812098 1.56473 1.72276 4.22304 0.029636326794896473 20
1 1.57107 99.1242 -0.60361 1.87057 1.96483 4.44029 0.030876326794896602 223
1 -6.51824 -20.0747 0.869398 1.60798 1.70524 4.23815 0.0014963267948966408 23
1 -18.5307 67.8448 0.0567036 1.4909 1.82828 4.24566 3.1774363267948966 24
4 -11.1295 8.40963 0.865615 1.6384 0.908615 2.29913 -1.5570436732051034 25
1 -3.42942 -37.9789 0.909582 1.64847 1.87218 4.30461 -0.011793673205103383 26
1 -6.70458 -13.6526 1.27476 1.67525 2.04226 3.9978 -0.03254367320510343 27
2 -3.42899 -25.5346 1.76539 3.29086 2.92481 6.48548 -0.005193673205103444 28
1 -42.9004 -9.33891 1.34466 1.58534 1.74901 4.145 0.9114983267948965 29
1 -31.2877 28.4444 0.759595 1.40351 1.82377 4.55154 3.9321463267948964 224
1 -6.6775 -26.1562 0.889749 1.5971 1.71967 4.27056 -0.016073673205103445 31
4 16.2242 25.314 0.385798 1.60592 0.645372 1.57203 0.25329632679489666 32
1 0.0180357 -31.7978 1.1228 1.80154 2.2431 4.55896 0.00017632679489665293 33
1 -16.8753 -35.0136 1.47842 1.66985 2.00607 4.74216 3.1291863267948967 34
4 -14.8285 5.72404 1.03394 1.79378 0.671778 2.08432 3.5490663267948968 35
1 -0.297597 -13.1535 0.863036 1.61837 2.03383 4.32563 0.026136326794896636 36
4 6.5064 4.53337 0.733084 1.43778 0.602769 1.60646 0.04083632679489657 37
4 5.4349 13.8861 0.657858 1.67053 0.70569 1.60271 0.24872632679489648 38
1 -3.40928 -44.2846 1.27335 1.83623 1.79199 4.0254 -0.012633673205103335 39
4 7.62503 14.3142 0.583454 1.58202 0.879493 1.64856 0.3684563267948966 41
1 -0.570656 -45.4937 1.25328 1.5614 1.75928 4.30379 0.015906326794896453 42
3 -46.5227 -7.64212 2.39723 3.47549 3.10961 11.2508 0.9328983267948966 43
4 21.7327 33.9305 0.379821 1.55201 0.599656 1.61599 4.123746326794897 44
4 6.8317 19.9324 0.576408 1.59576 0.607553 1.61799 0.26851632679489645 45
4 6.24556 -30.3008 0.897903 1.3792 0.759475 1.66129 -0.009263673205103462 46
4 0.583014 9.33028 0.732337 1.60883 0.724628 1.70242 4.324416326794896 47
6 -28.7332 45.0292 0.617416 1.74571 0.760835 0.619408 2.7639163267948965 48
6 38.8081 49.5611 0.0595558 1.70164 0.639648 0.622567 2.5091313267948965 49
4 -30.6281 6.61342 1.18437 1.61916 0.541766 1.57458 -0.038463673205103355 50
6 7.80201 -29.5671 1.0044 1.60969 0.546939 0.714103 2.9903363267948966 52
4 5.62139 17.7034 0.639559 1.70224 0.787822 1.59501 0.27212632679489657 53
4 -34.0238 38.3841 0.71531 1.67245 0.816374 1.68583 2.3136803267948967 54
6 9.06039 -13.9273 1.06466 1.7891 0.651928 0.61956 -0.08855367320510354 57
6 8.74076 -30.8299 1.02181 1.68466 0.50373 0.651676 3.079446326794897 71
5 5.48783 20.5669 0.548245 1.44859 0.870278 1.69139 0.3283463267948965 59
4 7.80763 18.7345 0.536493 1.47652 0.474743 1.65349 0.3594563267948965 60
6 39.6082 48.1527 0.00363635 1.76872 0.650751 0.696229 2.5267713267948966 63
1 -6.87478 -35.1611 1.10169 1.60798 1.70956 4.23815 0.0014963267948966408 64
1 -0.454542 -39.5659 1.25328 1.5614 1.75928 4.30379 0.015906326794896453 65
1 -1.21234 -50.7516 1.22421 1.61954 1.75928 4.17741 0.015906326794896453 66
1 -3.62704 -51.0824 1.12355 1.61954 1.75928 4.30379 0.015906326794896453 67
4 7.74048 -13.7475 0.971811 1.60644 0.877012 1.63155 -0.059973673205103495 70
6 8.18112 -30.7978 1.06171 1.83997 0.607742 0.621101 3.079446326794897 58
4 5.98961 -20.6931 0.870893 1.60599 0.669036 1.62422 -0.030133673205103406 72
6 9.44951 -29.2963 1.07531 1.66403 0.607742 0.564804 -0.0621436732051035 73
6 9.27249 -41.6004 1.02686 1.57373 0.623145 0.700249 -0.0621436732051035 74
4 4.86536 15.316 0.592262 1.53898 0.895283 1.60271 0.24872632679489648 77
4 6.13009 16.1514 0.680071 1.77279 0.70569 1.60271 0.24872632679489648 78
4 7.30598 16.1286 0.637766 1.68818 0.70569 1.60271 0.24872632679489648 79
4 13.0333 23.5637 0.499373 1.40228 0.609859 1.65349 0.9635013267948965 80
4 9.22912 8.83002 0.581464 1.13454 0.602769 1.51784 0.04083632679489657 81
4 16.0911 22.3786 0.375643 1.1706 0.518833 1.41026 2.5416723267948966 82
4 16.957 23.305 0.352679 1.21653 0.550068 1.60746 2.3542483267948966 83
4 17.4423 23.6211 0.352679 1.21653 0.537794 1.60746 2.3542483267948966 84
4 19.0627 24.4693 0.352679 1.21653 0.558479 1.60746 1.9916203267948966 85
4 25.1396 29.3436 0.249013 1.0092 0.518833 1.60746 2.6482263267948967 86
4 26.0245 30.5938 0.249013 1.0092 0.518833 1.60746 2.6482263267948967 87
3 -14.2036 82.8224 0.451834 3.06815 3.0884 8.71226 3.1875663267948964 89
4 -28.2899 46.5505 0.357984 1.6486 0.594448 1.63247 2.8037363267948967 97
4 -47.8721 35.4569 0.785711 1.36182 0.717468 1.75472 3.8357963267948967 99
4 -36.8936 40.473 0.48117 1.47813 0.695434 1.64434 2.3136803267948967 100
6 -41.0156 34.904 0.88564 1.79285 0.651098 0.59733 2.3552983267948964 105
4 14.7768 74.9794 -0.221721 1.67414 0.770856 1.61205 3.6854863267948965 109
6 20.6632 91.9816 -0.729146 1.55702 0.661601 0.621874 4.103536326794897 110
6 22.3478 95.3408 -0.77637 1.49982 0.684887 0.920832 4.103536326794897 111
6 33.7768 99.6846 -1.00666 1.57564 0.627911 0.978254 4.103536326794897 112
6 -29.7986 -5.15647 1.32004 1.90372 0.557794 0.435486 -0.7366636732051033 117
6 -31.8907 -7.10324 1.23272 1.78231 0.506107 0.486821 0.7245443267948966 118
4 -20.9975 -30.6804 1.13948 1.41949 0.679279 1.61103 2.8791163267948967 119
5 -35.957 -10.4132 1.19002 1.45544 1.678 2.93469 0.6516053267948966 123
6 -23.6383 -27.1365 1.26851 1.66947 0.598767 0.637412 -0.6370736732051037 130
4 11.1813 22.2656 0.442321 1.51638 0.512257 1.65349 0.9635013267948965 133
4 13.5684 22.9554 0.384768 1.44792 0.512257 1.65349 0.9635013267948965 132
4 27.1822 31.978 0.280113 1.0714 0.518833 1.60746 2.6482263267948967 141
1 -14.24 74.5104 -0.187673 1.5452 1.93384 4.20244 3.1823363267948963 142
6 -29.1121 46.2168 0.490181 1.63889 0.646663 0.619408 2.7639163267948965 62
4 -28.3352 55.5063 0.375559 1.61826 0.66653 1.64181 3.220306326794897 134
4 -29.3961 54.5419 0.270581 1.51303 0.66653 1.64181 3.220306326794897 152
4 -28.0069 63.1409 0.167111 1.49797 0.66653 1.64181 3.220306326794897 149
4 -32.534 -6.00504 1.25845 1.65555 0.602152 1.74884 0.7340213267948965 116
6 10.3641 -49.546 1.14857 1.62853 0.674359 0.635276 3.079446326794897 159
1 -10.5235 74.8172 -0.275918 1.42788 1.98187 4.1913 3.1823363267948963 191
1 -22.8206 46.4142 0.46882 1.83374 2.06494 4.84227 3.4401063267948966 164
1 -33.9823 11.5157 1.30415 1.8329 1.93114 4.72181 0.8976033267948965 192
6 8.93278 -29.298 0.994548 1.57766 0.607742 0.513093 -0.0621436732051035 181
4 -24.9856 63.1215 0.116597 1.41615 0.66653 1.64181 3.220306326794897 225
4 -27.2089 46.7162 0.433569 1.42937 0.66653 1.64181 3.4926563267948962 98
6 -30.26 48.6389 0.322397 1.57178 0.620407 0.619408 2.7639163267948965 170
1 -52.3047 -16.2034 1.73415 1.6945 2.05423 4.145 0.9114983267948965 183
6 -24.6062 -34.0767 1.45631 1.64587 0.574098 0.570321 0.1015963267948965 184
1 -16.9487 -43.4888 1.23794 1.66985 1.71096 4.10116 3.1291863267948967 193
5 -25.3017 -19.6708 1.67587 2.69181 2.20967 3.80531 2.2883743267948966 131
4 -26.5992 48.378 0.357984 1.6486 0.594448 1.63247 3.0617663267948965 165
6 -26.1021 48.9365 0.322397 1.57178 0.739798 0.619408 3.0632063267948966 194
6 -29.1345 48.9589 0.322397 1.57178 0.605946 0.619408 2.7639163267948965 114
6 -27.8328 49.1608 0.44119 1.70097 0.654809 0.493506 2.7639163267948965 195
1 -44.0023 6.99498 1.61408 1.78648 2.11014 5.19124 0.8976033267948965 197
4 -38.6978 -21.5723 1.21435 1.03424 0.571569 1.62716 3.0408563267948967 198
4 -30.1459 57.3443 0.417408 1.57359 0.66653 1.64181 3.220306326794897 145
4 -30.1623 54.3743 0.270581 1.51303 0.66653 1.64181 3.220306326794897 199
6 -31.7701 -19.0866 1.22379 1.58855 0.397433 0.418448 -1.2974836732051034 125
6 -30.1492 -19.3685 1.21222 1.68289 0.429746 1.13472 -0.6715136732051032 207
6 -46.248 -29.2991 1.95046 1.66055 0.750257 0.494686 0.9483543267948965 208
6 -44.9101 -28.6042 1.5661 1.13792 0.511028 0.456405 0.9483543267948965 209
6 -44.2749 -27.7926 1.49177 0.989263 0.568674 0.456405 0.9483543267948965 210
1 -7.46299 81.3154 -0.456244 1.42788 1.95436 4.1913 3.1823363267948963 211
1 -10.2957 81.2675 -0.275918 1.42788 1.7976 4.1913 3.1823363267948963 212
1 -21.5317 71.9113 -0.105744 1.4909 1.82828 4.24566 3.1774363267948966 215
1 -21.1966 87.4622 -0.104164 1.66468 1.82828 4.24566 3.1774363267948966 216
4 8.98149 17.8391 0.53483 1.60663 0.8164 1.6304 0.4013363267948966 51
1 -10.4146 89.3807 -0.615858 1.42788 1.7976 4.1913 3.1823363267948963 213
6 -37.7515 37.2769 0.88564 1.79285 0.651098 0.59733 2.3552983267948964 226
6 -37.0049 39.5626 0.599067 1.59453 0.651098 0.59733 2.3552983267948964 227
6 -36.5642 39.1255 0.599067 1.59453 0.651098 0.59733 2.3552983267948964 228
6 -37.6399 39.5223 0.599067 1.59453 0.651098 0.59733 2.3552983267948964 229
4 -51.0581 35.65 0.785711 1.36182 0.717468 1.75472 3.8357963267948967 230
6 -31.3703 51.8757 0.229852 1.62492 0.506476 0.617267 2.8549363267948964 200
6 -30.7157 47.0776 -0.195954 1.67755 0.35674 0.487544 2.748786326794897 217
