1 -12.4195 -33.4833 1.1356 1.64138 1.77829 4.1452 3.1156863267948967 231
1 -0.613195 66.6949 0.0261788 1.74552 2.40837 4.39657 0.06725632679489646 232
1 -3.29927 -17.9158 0.901412 1.5849 1.7672 4.28797 0.017806326794896465 5
1 -37.785 -1.19438 1.16928 1.47841 1.92998 4.75239 0.9182083267948966 6
1 -3.28102 -11.0682 0.935023 1.66465 1.95766 4.25171 -0.0018036732051034399 7
1 1.05913 78.2762 -0.264203 1.42604 1.84334 4.39129 0.0486363267948966 233
1 -7.01282 -6.64445 1.03788 1.79018 2.12721 4.60725 0.006006326794896655 9
1 -3.45401 -4.4467 1.0282 1.90401 2.32535 4.43006 -0.014313673205103461 10
1 -15.842 29.6025 0.899241 1.68546 2.02309 4.43272 0.6632103267948966 234
1 -35.7151 4.91097 1.18694 1.57488 1.95888 4.59339 0.9604443267948966 13
3 -46.9294 28.7041 1.35077 2.63793 2.31539 7.00592 4.076326326794897 14
1 -37.8401 27.8444 0.921642 1.51745 1.727 4.069 3.9147863267948964 222
1 -28.2628 -2.301 1.14736 1.54879 2.02237 4.27901 1.5262850267948966 16
1 -0.115121 -5.76264 0.819504 1.4958 1.99758 4.20566 0.03402632679489659 17
1 20.928 69.2296 -0.00634569 1.65139 1.87493 5.42138 4.087796326794896 18
3 -42.746 -0.0845764 2.06185 3.17391 2.73262 7.72276 0.9230613267948966 19
1 0.123742 -19.7323 0.812098 1.56473 1.72276 4.22304 0.029636326794896473 20
1 0.783995 104.623 -0.60361 1.87057 1.96483 4.44029 0.030876326794896602 235
1 -6.51103 -19.92 0.869398 1.60798 1.70524 4.23815 0.0014963267948966408 23
1 -18.5307 67.8448 0.0567036 1.4909 1.82828 4.24566 3.1774363267948966 24
4 -12.9819 8.32308 0.921845 1.6384 0.908615 2.29913 4.696936326794896 25
1 -3.4439 -38.0166 0.909582 1.64847 1.87218 4.30461 -0.011793673205103383 26
1 -6.79574 -13.6556 1.27476 1.67525 2.22467 3.9978 -0.03254367320510343 27
2 -3.42899 -25.5346 1.76539 3.29086 2.92481 6.48548 -0.005193673205103444 28
1 -41.9775 -8.60593 1.34466 1.58534 1.74901 4.145 0.9114983267948965 29
1 -35.6455 24.7192 0.908029 1.46128 1.77232 4.48833 4.013726326794897 236
1 -6.6775 -26.1562 0.889749 1.5971 1.71967 4.27056 -0.016073673205103445 31
4 16.2517 25.3069 0.385798 1.60592 0.702151 1.57203 0.25329632679489666 32
1 0.0236811 -31.9012 1.1228 1.80154 2.2431 4.55896 0.00017632679489665293 33
1 -16.8227 -35.8746 1.47842 1.66985 2.00607 4.74216 3.1291863267948967 34
4 -15.6848 2.95765 1.02818 1.78227 0.671778 2.61424 3.3827663267948966 35
1 -0.297597 -13.1535 0.915074 1.72245 2.03383 4.32563 0.026136326794896636 36
4 6.46841 4.68021 0.733084 1.43778 0.602769 1.60646 0.04083632679489657 37
4 5.4349 13.8861 0.657858 1.67053 0.70569 1.60271 0.24872632679489648 38
1 -3.40928 -44.2846 1.27335 1.83623 1.79199 4.0254 -0.012633673205103335 39
4 7.59012 14.3277 0.583454 1.58202 0.867002 1.64856 0.3684563267948966 41
1 -0.570656 -45.4937 1.25328 1.5614 1.75928 4.30379 0.015906326794896453 42
3 -46.5227 -7.64212 2.39723 3.47549 3.10961 11.2508 0.9328983267948966 43
4 20.4808 32.7084 0.357953 1.59575 0.677447 1.61599 4.123746326794897 44
4 6.82004 19.89 0.576408 1.59576 0.607553 1.70585 0.26851632679489645 45
4 6.30715 -29.4193 0.897903 1.3792 0.759475 1.66129 -0.009263673205103462 46
4 -0.953894 8.56354 0.732337 1.60883 0.678396 1.70242 4.175986326794897 47
6 -28.7234 44.8732 0.617416 1.74571 0.760835 0.619408 2.7639163267948965 48
6 38.8081 49.5611 0.0595558 1.70164 0.639648 0.622567 2.5091313267948965 49
4 -30.7745 6.81384 1.18437 1.61916 0.582476 1.57458 -0.038463673205103355 50
6 7.84887 -30.1003 1.0044 1.60969 0.546939 0.714103 2.9903363267948966 52
4 5.63819 17.6987 0.691474 1.59841 0.752929 1.59501 0.27212632679489657 53
4 -34.0238 38.3841 0.71531 1.67245 0.816374 1.68583 2.3136803267948967 54
6 8.91671 -13.3768 1.06466 1.7891 0.691929 0.655684 -0.08855367320510354 57
6 8.85245 -30.9831 1.03262 1.62869 0.60504 0.651676 3.079446326794897 71
5 5.48783 20.5669 0.548245 1.44859 0.870278 1.69139 0.3283463267948965 59
4 7.90583 18.8683 0.569762 1.51325 0.563932 1.65349 0.3594563267948965 60
6 39.6182 48.085 0.00363635 1.76872 0.650751 0.696229 2.5267713267948966 63
1 -6.87678 -35.2053 1.10169 1.60798 1.70956 4.23815 0.0014963267948966408 64
1 -0.45339 -39.5404 1.25328 1.5614 1.75928 4.30379 0.015906326794896453 65
1 -1.21134 -50.6884 1.22421 1.61954 1.75928 4.30379 0.015906326794896453 66
1 -3.62704 -51.0824 1.12355 1.61954 1.75928 4.30379 0.015906326794896453 67
4 7.75025 -13.1011 1.01339 1.6896 0.877012 1.63155 -0.059973673205103495 70
6 8.19979 -31.3723 1.06171 1.83997 0.607742 0.621101 3.079446326794897 58
4 5.9966 -19.3299 0.886159 1.63652 0.67445 1.62422 -0.030133673205103406 72
6 9.50776 -28.7165 1.06467 1.68531 0.607742 0.798408 -0.0621436732051035 73
6 9.30444 -41.0601 1.02732 1.54209 0.623145 0.700249 -0.0621436732051035 74
4 4.86536 15.316 0.603835 1.56213 0.895283 1.60271 0.24872632679489648 77
4 6.13009 16.1514 0.680071 1.77279 0.70569 1.60271 0.24872632679489648 78
4 7.30598 16.1286 0.637766 1.68818 0.70569 1.60271 0.24872632679489648 79
4 13.0333 23.5637 0.445624 1.50978 0.609859 1.65349 0.9635013267948965 80
4 9.22912 8.83002 0.581464 1.13454 0.602769 1.51784 0.04083632679489657 81
4 16.1912 22.444 0.375643 1.1706 0.598447 1.41026 2.5416723267948966 82
4 16.957 23.305 0.352679 1.21653 0.550068 1.60746 2.3542483267948966 83
4 17.4423 23.6211 0.352679 1.21653 0.537794 1.60746 2.3542483267948966 84
4 19.0627 24.4693 0.352679 1.21653 0.558479 1.60746 1.9916203267948966 85
4 25.1396 29.3436 0.249013 1.0092 0.518833 1.60746 2.6482263267948967 86
4 26.0245 30.5938 0.249013 1.0092 0.518833 1.60746 2.6482263267948967 87
3 -14.2036 82.8224 0.451834 3.06815 3.0884 8.71226 3.1875663267948964 89
4 -28.5127 46.4942 0.520428 1.6486 0.594448 1.63247 2.8037363267948967 97
4 -48.5375 35.5688 0.785711 1.36182 0.717468 1.75472 3.8357963267948967 99
4 -36.9175 40.495 0.48117 1.47813 0.695434 1.57934 2.3136803267948967 100
6 -41.0175 34.7977 0.88564 1.79285 0.651098 0.59733 2.3552983267948964 105
4 13.9124 73.1229 -0.129657 1.67414 0.770856 1.61205 3.6854863267948965 109
6 20.6257 91.9982 -0.729146 1.55702 0.782642 0.621874 4.103536326794897 110
6 22.1527 95.5831 -0.77637 1.49982 0.684887 0.920832 4.103536326794897 111
6 33.7768 99.6846 -1.00666 1.57564 0.627911 0.978254 4.103536326794897 112
6 -29.7878 -5.14665 1.32004 1.90372 0.638914 0.435486 -0.7366636732051033 117
6 -31.9204 -7.07699 1.23272 1.78231 0.585314 0.486821 0.7245443267948966 118
4 -20.7035 -32.5778 1.18802 1.46361 0.672692 1.55398 2.8791163267948967 119
5 -35.957 -10.4132 1.19784 1.4398 1.678 2.93469 0.6516053267948966 123
6 -23.5825 -27.1505 1.26851 1.66947 0.598767 0.637412 -0.6370736732051037 130
4 11.1813 22.2656 0.446898 1.50723 0.512257 1.65349 0.9635013267948965 133
4 13.4942 23.068 0.383101 1.45126 0.512257 1.65349 0.9635013267948965 132
4 27.0528 32.2521 0.280113 1.0714 0.518833 1.60746 2.6482263267948967 141
1 -14.24 74.5104 -0.187673 1.5452 1.93384 4.20244 3.1823363267948963 142
6 -29.1028 46.1877 0.490181 1.63889 0.646663 0.619408 2.7639163267948965 62
4 -25.5995 56.0345 0.198464 1.61826 0.66653 1.64181 3.220306326794897 134
4 -26.7012 59.6521 0.270581 1.51303 0.66653 1.64181 3.220306326794897 149
4 -28.0605 63.2361 0.167111 1.49797 0.66653 1.64181 3.220306326794897 225
4 -32.4773 -5.56832 1.17129 1.50565 0.602152 1.78715 0.5020463267948965 116
6 10.2482 -49.5577 1.14857 1.62853 0.674359 0.635276 3.079446326794897 159
1 -10.5375 74.8019 -0.206238 1.42788 2.00065 4.1913 3.1823363267948963 191
1 -24.7259 42.63 0.534875 1.96585 2.06494 4.84227 3.4401063267948966 237
1 -30.8606 14.1365 1.26137 1.7727 1.93114 4.6076 0.8976033267948965 238
6 9.07322 -28.7897 1.1044 1.57766 0.607742 0.513093 -0.0621436732051035 181
4 -25.0818 62.5433 0.116597 1.41615 0.66653 1.64181 3.220306326794897 239
6 -30.6054 47.1775 0.322397 1.57178 0.620407 0.619408 2.7639163267948965 217
1 -51.124 -15.419 1.73415 1.6945 2.05423 4.38177 0.9114983267948965 183
6 -24.5143 -33.7471 1.45631 1.64587 0.574098 0.570321 0.1015963267948965 184
1 -17.4532 -44.3208 1.23794 1.66985 1.71096 4.10116 3.1291863267948967 193
5 -23.9422 -21.0156 1.67587 2.69181 2.20967 3.80531 2.2883743267948966 131
1 -42.0465 8.41566 1.51128 1.99209 2.11014 5.19124 0.8976033267948965 197
4 -38.6978 -21.5723 1.21435 1.03424 0.571569 1.62716 3.0408563267948967 198
4 -27.2199 55.359 0.270581 1.51303 0.66653 1.64181 3.220306326794897 152
6 -31.7701 -19.0866 1.22379 1.58855 0.397433 0.418448 -1.2974836732051034 125
6 -30.2238 -18.9053 1.22152 1.66429 0.429746 1.23424 -0.6715136732051032 207
6 -46.248 -29.2991 1.95046 1.66055 0.750257 0.494686 0.9483543267948965 208
6 -44.7945 -28.6467 1.65002 1.30575 0.511028 0.456405 0.9483543267948965 209
1 -7.57176 79.3448 -0.456244 1.42788 1.86065 4.1913 3.1823363267948963 211
1 -10.0657 81.2532 -0.275918 1.42788 1.7976 4.1913 3.1823363267948963 212
1 -21.3897 69.5102 -0.105744 1.4909 1.82828 4.24566 3.1774363267948966 215
1 -21.0402 84.7621 -0.0310543 1.99503 1.88324 4.24566 3.1774363267948966 216
1 -3.26132 -31.4873 0.909582 1.64847 1.87218 4.30461 -0.011793673205103383 240
4 8.98149 17.8391 0.53483 1.60663 0.8164 1.6304 0.4013363267948966 51
1 -10.4146 89.3807 -0.615858 1.42788 1.7976 4.1913 3.1823363267948963 213
6 -37.65 37.2279 0.88564 1.79285 0.651098 0.59733 2.3552983267948964 226
6 -37.0049 39.5626 0.599067 1.59453 0.651098 0.59733 2.3552983267948964 227
6 -36.6382 39.0237 0.599067 1.59453 0.651098 0.59733 2.3552983267948964 228
6 -37.6273 39.5162 0.599067 1.59453 0.651098 0.59733 2.3552983267948964 229
4 -25.0452 52.3826 0.291208 1.61826 0.66653 1.64181 3.5363163267948963 241
6 -29.5587 46.9539 0.322397 1.57178 0.620407 0.619408 2.7639163267948965 170
6 -30.253 48.5771 0.322397 1.57178 0.620407 0.619408 2.7639163267948965 114
1 -32.5463 42.6686 0.556333 1.63761 2.21459 4.56725 2.2996263267948964 242
1 -39.6169 13.8667 1.15715 1.45407 1.56994 4.2298 0.2675363267948965 243
1 -45.4338 2.47804 1.51128 1.99209 2.11014 5.19124 0.8976033267948965 244
4 -31.9116 -22.4237 1.1025 1.1259 0.452616 1.70105 3.518706326794897 245
