1 -12.844 -25.2684 1.1356 1.64138 1.74264 4.1452 3.1495563267948965 201
1 -32.6132 42.7004 0.55936 1.66608 2.02591 4.66761 2.2669193267948966 2
1 -3.05266 56.0995 0.272303 1.63007 1.90749 4.3224 0.36217632679489653 202
1 -3.27171 -17.9252 0.901412 1.5849 1.74108 4.28797 0.017806326794896465 5
1 -37.8064 -1.19016 1.14406 1.36382 1.89739 4.72363 0.9182083267948966 6
1 -3.26636 -11.0059 0.93029 1.67411 1.91163 4.04794 -0.0018036732051034399 7
1 0.210469 69.2934 -0.0550855 1.42604 1.84334 4.39129 0.2395263267948966 203
1 -7.02856 -6.59333 1.02025 1.75493 2.12625 4.5052 0.006006326794896655 9
1 -3.42155 -4.44624 1.01844 1.8845 2.26043 4.43006 -0.014313673205103461 10
1 -21.7278 22.5843 1.06216 1.78408 2.02309 4.43272 0.7464503267948965 204
1 -35.7151 4.91097 1.18694 1.57488 1.95888 4.59339 0.9604443267948966 13
3 -46.9182 28.7479 1.35077 2.63793 2.37247 7.19453 4.076326326794897 14
1 -30.481 35.5239 0.691912 1.61588 1.79904 4.069 3.8738863267948966 15
1 -30.6445 -2.50604 1.13453 1.50346 2.08831 4.54757 1.2640913267948966 16
1 -0.115121 -5.76264 0.819504 1.4958 1.99758 4.20566 0.03402632679489659 17
1 20.9189 69.2563 -0.00634569 1.65139 1.82791 5.42138 4.087796326794896 18
3 -42.7309 -0.0731284 2.06185 3.17391 2.73262 7.68481 0.9230613267948966 19
1 0.123742 -19.7323 0.812098 1.56473 1.72276 4.22304 0.029636326794896473 20
1 1.73937 93.8149 -0.451761 1.87057 1.96483 4.44029 0.030876326794896602 205
1 -6.51824 -20.0747 0.869398 1.60798 1.70524 4.23815 0.0014963267948966408 23
1 -18.5307 67.8448 0.0567036 1.4909 1.82828 4.24566 3.1774363267948966 24
4 -9.29783 8.37243 0.857368 1.62191 0.757788 2.26815 -1.5157536732051033 25
1 -3.42942 -37.9789 0.909582 1.64847 1.87218 4.30461 -0.011793673205103383 26
1 -6.62426 -13.65 1.27476 1.67525 1.88153 3.9978 -0.03254367320510343 27
2 -3.43007 -25.3262 1.76539 3.29086 2.92481 6.06871 -0.005193673205103444 28
1 -43.939 -10.2482 1.39728 1.58637 1.74901 4.145 0.9114983267948965 29
1 -27.6311 32.6216 0.755335 1.41203 1.82377 4.42197 3.7904863267948965 206
1 -6.6775 -26.1562 0.889749 1.5971 1.71967 4.27056 -0.016073673205103445 31
4 16.2242 25.314 0.385798 1.60592 0.645372 1.57203 0.25329632679489666 32
1 0.0130866 -31.8079 1.1228 1.80154 2.19745 4.53883 0.00017632679489665293 33
1 -16.9087 -33.8455 1.47842 1.66985 2.00607 4.74216 3.1291863267948967 34
4 -13.8745 8.22305 1.00807 1.76086 0.565192 2.0634 3.5490663267948968 35
1 -0.297744 -13.1535 0.92418 1.74066 2.10496 4.32563 0.026136326794896636 36
4 6.53792 4.47452 0.740819 1.36997 0.671361 1.51113 0.04083632679489657 37
4 5.4216 13.8114 0.657858 1.67053 0.70569 1.60271 0.24872632679489648 38
1 -3.40928 -44.2846 1.27335 1.83623 1.79199 4.0254 -0.012633673205103335 39
4 7.59323 14.3074 0.583454 1.58202 0.867002 1.64856 0.3684563267948966 41
1 -0.570656 -45.4937 1.25328 1.5614 1.75928 4.30379 0.015906326794896453 42
3 -46.5227 -7.64212 2.39723 3.47549 3.10961 11.2508 0.9328983267948966 43
4 23.5441 35.5761 0.304976 1.55201 0.599656 1.61599 4.123746326794897 44
4 6.8317 19.9324 0.576408 1.59576 0.607553 1.61799 0.26851632679489645 45
4 6.23038 -31.3021 0.897903 1.3792 0.759475 1.66129 -0.009263673205103462 46
4 1.96296 9.69248 0.732337 1.60883 0.68579 1.70242 4.711526326794896 47
6 -28.8994 44.9326 0.617416 1.74571 0.689327 0.619408 2.7639163267948965 48
6 38.8081 49.5611 0.0595558 1.70164 0.639648 0.622567 2.5091313267948965 49
4 -30.6755 6.49626 1.1849 1.61811 0.438144 1.65434 -0.038463673205103355 50
4 8.73088 17.313 0.53483 1.60663 0.76601 1.66162 0.4013363267948966 51
6 7.66768 -29.0367 0.995706 1.62709 0.546939 0.46187 2.9903363267948966 52
4 5.63819 17.6987 0.691474 1.59841 0.752929 1.59501 0.27212632679489657 53
4 -34.593 38.5947 0.71531 1.67245 0.816374 1.68583 2.3136803267948967 54
1 -39.783 12.6493 1.17095 1.48114 1.77117 4.65271 0.4665763267948966 55
6 9.18616 -14.6413 1.11109 1.69624 0.651928 0.61956 -0.08855367320510354 57
6 8.57978 -29.9355 0.993822 1.62869 0.60504 0.651676 3.079446326794897 58
5 5.54601 20.5731 0.529803 1.41171 0.764143 1.64208 0.3283463267948965 59
4 7.84906 18.7189 0.536493 1.47652 0.42264 1.65349 0.3594563267948965 60
6 39.5505 48.125 0.00363635 1.76872 0.739544 0.696229 2.5267713267948966 63
1 -6.92814 -35.17 1.10169 1.60798 1.70956 4.23815 0.0014963267948966408 64
1 -0.55327 -39.4861 1.25328 1.5614 1.75928 4.30379 0.015906326794896453 65
1 -1.21134 -50.6884 1.22421 1.61954 1.75928 4.30379 0.015906326794896453 66
1 -3.61955 -51.4733 1.12355 1.61954 1.75928 4.30379 0.015906326794896453 67
4 7.77341 -14.3195 0.996829 1.65648 0.877012 1.63155 -0.059973673205103495 70
6 8.157 -30.1385 1.06171 1.83997 0.607742 0.621101 3.079446326794897 71
4 5.99432 -21.9825 0.870893 1.60599 0.669036 1.62422 -0.030133673205103406 72
6 9.54953 -29.9633 1.07531 1.66403 0.607742 0.742854 -0.0621436732051035 181
6 9.43837 -42.3249 1.01104 1.54209 0.623145 0.636766 -0.0621436732051035 74
4 4.84289 15.3211 0.603835 1.56213 0.895283 1.60271 0.24872632679489648 77
4 6.13009 16.1514 0.680071 1.77279 0.70569 1.60271 0.24872632679489648 78
4 7.30598 16.1286 0.622861 1.65837 0.70569 1.60271 0.24872632679489648 79
4 12.8744 23.463 0.499373 1.40228 0.609859 1.65349 0.9635013267948965 80
4 9.19078 8.81465 0.564975 1.10156 0.446591 1.48402 0.04083632679489657 81
4 16.1298 22.4917 0.375643 1.1706 0.518833 1.41026 2.5416723267948966 82
4 16.957 23.305 0.352679 1.21653 0.550068 1.60746 2.3542483267948966 83
4 17.4423 23.6211 0.352679 1.21653 0.537794 1.60746 2.3542483267948966 84
4 19.0627 24.4693 0.352679 1.21653 0.558479 1.60746 1.9916203267948966 85
4 25.1396 29.3436 0.249013 1.0092 0.518833 1.60746 2.6482263267948967 86
4 26.0245 30.5938 0.249013 1.0092 0.518833 1.60746 2.6482263267948967 87
3 -14.2036 82.8224 0.451834 3.06815 3.0884 8.71226 3.1875663267948964 89
4 -28.2899 46.5505 0.357984 1.6486 0.594448 1.63247 2.8037363267948967 97
4 -46.1528 36.807 0.785711 1.36182 0.717468 1.75472 3.8357963267948967 99
4 -37.0914 40.6533 0.48117 1.47813 0.695434 1.64434 2.3136803267948967 100
6 -40.9939 34.7832 0.88564 1.79285 0.651098 0.59733 2.3552983267948964 105
4 15.629 76.6006 -0.221721 1.67414 0.770856 1.61205 4.076126326794896 109
6 20.5897 92.028 -0.729146 1.55702 0.821796 0.689261 4.103536326794897 110
6 22.1477 95.458 -0.77637 1.49982 0.684887 0.783521 4.103536326794897 111
6 33.6628 99.8173 -1.00666 1.57564 0.627911 0.810757 4.103536326794897 112
6 -29.8073 -5.14191 1.32004 1.90372 0.666709 0.468746 -0.7370936732051034 117
6 -31.8907 -7.10324 1.23272 1.78231 0.506107 0.486821 0.7245443267948966 118
4 -21.636 -28.3265 1.1828 1.50614 0.679279 1.61103 2.8791163267948967 119
5 -35.957 -10.4132 1.19002 1.45544 1.678 2.93469 0.6516053267948966 123
6 -23.6383 -27.1365 1.26851 1.66947 0.598767 0.637412 -0.6370736732051037 130
4 10.9658 22.0095 0.499373 1.40228 0.512257 1.65349 0.9635013267948965 133
4 13.4537 23.0885 0.407589 1.40228 0.512257 1.65349 0.9635013267948965 132
4 27.1822 31.978 0.280113 1.0714 0.518833 1.60746 2.6482263267948967 141
1 -14.2033 74.5089 -0.187673 1.5452 1.8603 4.20244 3.1823363267948963 142
6 -29.0928 46.1622 0.490181 1.63889 0.646663 0.619408 2.7639163267948965 62
4 -24.8303 49.984 0.410167 1.69024 0.617692 1.72141 3.220306326794897 143
4 -28.5626 54.729 0.224298 1.61826 0.66653 1.64181 3.220306326794897 134
4 -29.4869 54.246 0.270581 1.51303 0.66653 1.64181 3.220306326794897 152
4 -28.7396 59.5849 0.215082 1.40203 0.66653 1.64181 3.220306326794897 146
4 -32.7917 -6.36898 1.25845 1.65555 0.602152 1.64569 0.7340213267948965 116
6 10.2845 -49.4853 1.14857 1.62853 0.674359 0.635276 3.079446326794897 159
1 -10.5372 74.8177 -0.275918 1.42788 1.95436 4.1913 3.1823363267948963 191
1 -21.9613 49.4295 0.435373 1.71604 1.99747 4.84227 3.3364263267948964 164
4 -24.5169 54.064 0.21459 1.66292 0.713189 2.03118 3.220306326794897 151
4 -26.9408 54.583 0.224298 1.61826 0.66653 1.64181 3.220306326794897 144
1 -36.8851 9.06832 1.30415 1.8329 1.93114 4.5161 0.8976033267948965 192
6 9.04039 -29.8144 1.00328 1.5602 0.607742 0.671699 -0.0621436732051035 73
4 -24.9872 63.6261 0.116597 1.41615 0.66653 1.64181 3.220306326794897 149
4 -27.1874 46.7746 0.433569 1.42937 0.66653 1.64181 3.4926563267948962 98
6 -30.1501 48.6616 0.322397 1.57178 0.620407 0.619408 2.7639163267948965 170
1 -53.3207 -16.9268 1.73415 1.6945 2.05423 4.145 0.9114983267948965 183
6 -24.5043 -34.4222 1.45631 1.64587 0.574098 0.570321 0.1015963267948965 184
1 -16.8192 -42.2503 1.23794 1.66985 1.71096 4.10116 3.1291863267948967 193
5 -26.3826 -18.7776 1.67587 2.69181 2.09955 3.7833 2.2883743267948966 131
4 -26.5861 48.3984 0.357984 1.6486 0.594448 1.63247 3.0617663267948965 165
6 -26.0732 48.9196 0.322397 1.57178 0.548986 0.619408 3.0632063267948966 194
6 -29.1231 48.9803 0.322397 1.57178 0.605946 0.619408 2.7639163267948965 114
6 -27.8328 49.1608 0.44119 1.70097 0.654809 0.493506 2.7639163267948965 195
1 -46.0979 5.46882 1.61408 1.78648 2.11014 5.19124 0.8976033267948965 197
4 -38.7169 -21.5742 1.21435 1.03424 0.533169 1.62716 3.0408563267948967 198
4 -29.9034 57.0364 0.417408 1.57359 0.66653 1.64181 3.220306326794897 145
4 -30.1825 54.2546 0.270581 1.51303 0.66653 1.64181 3.220306326794897 199
6 -31.7701 -19.0866 1.22379 1.58855 0.397433 0.418448 -1.2974836732051034 125
6 -30.2262 -19.5419 1.19442 1.64729 0.397433 0.523339 -1.2974836732051034 207
6 -46.2632 -29.2699 1.95046 1.66055 0.568674 0.494686 0.9483543267948965 208
6 -44.9393 -28.5346 1.49177 0.989263 0.568674 0.456405 0.9483543267948965 209
6 -44.3472 -27.6558 1.49177 0.989263 0.568674 0.456405 0.9483543267948965 210
1 -7.63714 83.4727 -0.275918 1.42788 1.95436 4.1913 3.1823363267948963 211
1 -10.1339 81.2517 -0.275918 1.42788 1.7976 4.1913 3.1823363267948963 212
1 -10.4146 89.3807 -0.615858 1.42788 1.7976 4.1913 3.1823363267948963 213
1 -11.0072 100.66 -0.615858 1.42788 1.7976 4.1913 3.1823363267948963 214
1 -22.0175 74.3624 0.0567036 1.4909 1.82828 4.24566 3.1774363267948966 215
1 -21.2808 90.4382 0.0567036 1.4909 1.82828 4.24566 3.1774363267948966 216
6 -31.3057 52.0035 0.211859 1.60941 0.697007 0.663007 2.8557063267948966 200
6 -30.7752 47.0709 0.402522 1.51129 0.499436 0.689697 2.8260763267948965 217
