1 -12.861 -17.6499 1.1356 1.64138 1.74264 4.1452 3.1495563267948965 173
1 -32.832 42.9034 0.55936 1.66608 2.20821 4.66761 2.2669193267948966 2
1 -56.1922 10.4994 1.03743 1.63486 1.86727 4.3419 4.021996326794897 174
1 -6.87346 45.8291 0.61116 1.63007 1.90749 4.39657 0.46223632679489657 175
1 -3.27171 -17.9252 0.901412 1.5849 1.74108 4.28797 0.017806326794896465 5
1 -37.8358 -1.23586 1.18532 1.44634 1.94211 4.83557 0.9182083267948966 6
1 -3.28572 -11.0176 0.900407 1.73388 1.94091 4.07686 -0.0018036732051034399 7
1 -1.95232 60.092 0.181635 1.42604 1.84334 4.39129 0.3107363267948966 176
1 -7.04306 -6.58455 1.01235 1.73913 2.15535 4.48782 0.006006326794896655 9
1 -3.40505 -4.43441 1.01844 1.8845 2.19467 4.44583 -0.014313673205103461 10
1 -27.7473 16.3488 1.12911 1.71231 1.74845 4.42337 0.8583693267948965 177
1 -35.746 4.95511 1.18694 1.57488 2.06661 4.59339 0.9604443267948966 13
3 -46.9705 28.7093 1.35077 2.63793 2.37247 7.06454 4.076326326794897 14
1 -28.0714 37.5817 0.691912 1.61588 1.79904 4.02219 3.7563463267948967 15
1 -32.8672 -3.23542 1.23598 1.53895 2.13136 4.59719 1.1121693267948967 16
1 -0.115121 -5.76264 0.819504 1.4958 1.99758 4.20566 0.03402632679489659 17
1 20.9189 69.2563 -0.00634569 1.65139 1.82791 5.42138 4.087796326794896 18
3 -42.7515 -0.0886641 2.06185 3.17391 2.73262 7.73631 0.9230613267948966 19
1 0.123742 -19.7323 0.812098 1.56473 1.72276 4.22304 0.029636326794896473 20
1 1.37161 83.3122 -0.0405394 1.87057 1.96483 4.44029 0.030876326794896602 178
1 -6.51824 -20.0747 0.869398 1.60798 1.70524 4.23815 0.0014963267948966408 23
1 -18.5307 67.8448 0.0567036 1.4909 1.82828 4.24566 3.1774363267948966 24
4 -6.00504 8.20007 0.809328 1.62648 0.696854 2.21122 -1.5157536732051033 25
1 -3.42942 -37.9789 0.909582 1.64847 1.87218 4.30461 -0.011793673205103383 26
1 -6.59225 -13.6345 1.25622 1.63818 1.81655 3.96892 -0.03254367320510343 27
2 -3.42989 -25.3614 1.7584 3.27687 2.92481 6.13903 -0.005193673205103444 28
1 -46.3277 -12.0301 1.40488 1.45864 1.74901 4.145 0.9114983267948965 29
1 -22.642 40.5748 0.515422 1.41203 1.73921 4.43668 3.5013563267948964 179
1 -6.6775 -26.1562 0.889749 1.5971 1.71967 4.27056 -0.016073673205103445 31
4 16.2242 25.314 0.385798 1.60592 0.645372 1.57203 0.25329632679489666 32
1 0.0367336 -31.9382 1.1228 1.80154 2.19959 4.55896 0.00017632679489665293 33
1 -16.5527 -29.629 1.46769 1.66985 2.00607 4.77744 3.1291863267948967 34
4 -11.9007 13.1812 0.985931 1.78227 0.613596 2.12794 3.5490663267948968 35
1 -0.297744 -13.1535 0.943499 1.7793 2.10496 4.32563 0.026136326794896636 36
4 6.50559 4.52355 0.733084 1.43778 0.602769 1.60646 0.04083632679489657 37
4 5.46835 13.8843 0.64505 1.64491 0.70569 1.60271 0.24872632679489648 38
1 -3.39901 -44.2312 1.27335 1.83623 1.79199 4.0254 -0.012633673205103335 39
4 7.64653 14.2274 0.583454 1.58202 0.793044 1.64856 0.3684563267948966 41
1 -0.680698 -45.5047 1.25328 1.5614 1.75928 4.30379 0.015906326794896453 42
3 -46.5227 -7.64212 2.39723 3.47549 3.10961 11.2508 0.9328983267948966 43
4 26.1159 36.9147 0.304976 1.55201 0.599656 1.61599 4.123746326794897 44
4 6.8317 19.9324 0.576408 1.59576 0.607553 1.61799 0.26851632679489645 45
4 6.19322 -33.4665 0.909537 1.47227 0.833537 1.66129 -0.009263673205103462 46
4 3.78381 9.28977 0.732337 1.60883 0.7711 1.61991 -0.6268736732051035 47
6 -28.9032 44.8925 0.617416 1.74571 0.836921 0.619408 2.7639163267948965 48
6 38.8016 49.5337 0.0595558 1.70164 0.639648 0.622567 2.5091313267948965 49
4 -30.6189 5.90698 1.22212 1.51365 0.541766 1.65434 0.012896326794896495 50
4 8.96367 17.8619 0.53483 1.60663 0.76601 1.6304 0.4013363267948966 51
6 7.67767 -28.1196 0.995706 1.62709 0.546939 0.355712 2.9903363267948966 52
4 5.69033 17.6831 0.691474 1.59841 0.752929 1.59501 0.27212632679489657 53
4 -34.0085 38.359 0.71531 1.67245 0.816374 1.68583 2.3136803267948967 54
1 -41.2599 10.0975 1.18071 1.50065 1.84018 4.55216 0.8063203267948965 55
6 9.34762 -15.6895 1.04855 1.76647 0.844815 0.399982 -0.08855367320510354 57
6 8.73492 -29.212 1.03501 1.75062 0.60504 0.355813 3.079446326794897 58
5 5.48783 20.5669 0.548245 1.44859 0.870278 1.69139 0.3283463267948965 59
4 7.81225 18.4934 0.536493 1.47652 0.563932 1.65349 0.3594563267948965 60
6 39.6668 48.2287 0.00363635 1.76872 0.739544 0.696229 2.5267713267948966 63
1 -6.86921 -35.1698 1.10169 1.60798 1.70956 4.23815 0.0014963267948966408 64
1 -0.501759 -39.4874 1.25328 1.5614 1.75928 4.30379 0.015906326794896453 65
1 -1.1797 -50.6892 1.22421 1.61954 1.75928 4.30379 0.015906326794896453 66
1 -3.64027 -51.5917 1.12355 1.61954 1.75928 4.30379 0.015906326794896453 67
4 8.02693 -15.6045 0.981344 1.65648 0.861534 1.63155 -0.059973673205103495 70
6 8.20512 -29.2793 1.06171 1.83997 0.607742 0.621101 3.079446326794897 71
4 5.90815 -24.8298 0.912881 1.73677 0.642397 1.62422 -0.030133673205103406 72
6 9.5903 -31.2851 1.06525 1.68415 0.607742 0.653219 -0.0621436732051035 73
6 9.37846 -43.9607 1.01104 1.54209 0.820121 0.795718 -0.0621436732051035 74
6 10.7225 -54.3006 1.20477 1.69293 0.674359 0.5657 3.079446326794897 75
4 4.88442 15.3191 0.603835 1.56213 0.895283 1.60271 0.24872632679489648 77
4 6.13009 16.1514 0.680071 1.77279 0.70569 1.60271 0.24872632679489648 78
4 7.30598 16.1286 0.622861 1.65837 0.70569 1.60271 0.24872632679489648 79
4 12.8744 23.463 0.499373 1.40228 0.609859 1.65349 0.9635013267948965 80
4 9.20027 8.81557 0.566822 1.10526 0.498914 1.44303 0.04083632679489657 81
4 16.1298 22.4917 0.375643 1.1706 0.518833 1.41026 2.5416723267948966 82
4 16.9252 23.2885 0.307853 1.10163 0.481868 1.58565 2.3542483267948966 83
4 17.4188 23.4997 0.352049 1.17796 0.376383 1.46927 2.3542483267948966 84
4 25.2304 29.3863 0.249013 1.0092 0.518833 1.60746 2.6482263267948967 86
4 26.0245 30.5938 0.249013 1.0092 0.518833 1.60746 2.6482263267948967 87
1 0.90818 106.486 -1.06946 1.55058 1.84741 4.1913 0.049036326794896556 180
3 -14.1455 82.8197 0.451834 3.06815 2.97204 8.71226 3.1875663267948964 89
4 -28.2538 46.6066 0.357984 1.6486 0.594448 1.63247 2.8037363267948967 97
4 -42.7972 39.7684 0.71295 1.50734 0.672716 1.75472 3.8357963267948967 99
4 -36.6165 40.3309 0.515666 1.40914 0.445239 1.66807 2.3136803267948967 100
6 -36.8457 39.5239 0.52012 1.48138 0.483539 0.485393 2.2987483267948967 101
6 -37.6599 39.6692 0.51151 1.4986 0.483539 0.59733 2.2987483267948967 103
6 -37.7208 37.2848 0.801928 1.56377 0.651098 0.59733 2.3552983267948964 104
6 -41.0139 34.7768 0.88564 1.79285 0.651098 0.59733 2.3552983267948964 105
4 17.6961 80.0705 -0.19727 1.46839 0.605109 1.61205 4.076126326794896 109
6 20.6842 92.0467 -0.729146 1.55702 0.821796 0.689261 4.103536326794897 110
6 22.2011 95.495 -0.77637 1.49982 0.684887 0.783521 4.103536326794897 111
6 33.7483 99.8209 -1.00666 1.57564 0.627911 0.810757 4.103536326794897 112
6 -29.7932 -5.1574 1.32004 1.90372 0.666709 0.426915 -0.7370936732051034 117
6 -31.8907 -7.10324 1.23272 1.78231 0.506107 0.486821 0.7245443267948966 118
4 -23.6219 -24.7822 1.10368 1.50614 0.679279 1.61103 2.1080943267948964 119
4 -31.8367 -22.4785 1.12786 1.2167 0.546961 1.6756 3.4675663267948966 121
5 -35.957 -10.4132 1.19002 1.45544 1.678 2.93469 0.6516053267948966 123
6 -30.1702 -21.9441 1.41381 1.65176 0.674064 0.611557 -0.13722367320510354 125
6 -23.6553 -27.1421 1.25671 1.64587 0.574098 0.570321 -0.6370736732051037 130
4 10.9279 21.9568 0.499373 1.40228 0.512257 1.65349 0.9635013267948965 133
4 13.3144 22.8321 0.407589 1.40228 0.512257 1.65349 0.9635013267948965 132
4 27.1814 32.0227 0.280113 1.0714 0.518833 1.60746 2.6482263267948967 141
1 -14.8171 74.4562 -0.187673 1.5452 1.73863 4.20244 3.1823363267948963 142
6 -29.131 46.1274 0.490181 1.63889 0.739798 0.619408 2.7639163267948965 62
4 -24.8323 51.5574 0.398688 1.66728 0.617692 1.72141 3.220306326794897 143
4 -28.4222 55.8586 0.224298 1.61826 0.66653 1.64181 3.220306326794897 134
4 -29.6498 54.3587 0.270581 1.51303 0.66653 1.64181 3.220306326794897 152
4 -28.9162 59.6778 0.215082 1.40203 0.66653 1.64181 3.220306326794897 146
4 -33.5825 -7.03785 1.27906 1.65555 0.602152 1.82866 0.7340213267948965 116
6 10.2424 -49.5918 1.14857 1.62853 0.674359 0.635276 3.079446326794897 159
1 -10.2008 81.6958 -0.275918 1.42788 1.72829 4.1913 3.1823363267948963 160
1 -10.4738 89.2515 -0.541758 1.45316 1.75524 4.1913 3.1823363267948963 161
1 -10.5301 100.79 -1.01767 1.42788 1.72829 4.1913 3.1823363267948963 162
1 -7.43556 88.3364 -0.482185 1.42788 1.91375 4.24189 3.1823363267948963 91
1 -20.9845 54.865 0.223312 1.59844 1.93916 4.44734 3.2313263267948966 164
4 -24.3737 54.8397 0.192258 1.61826 0.668342 2.03118 3.220306326794897 151
4 -27.079 54.708 0.224298 1.61826 0.66653 1.64181 3.220306326794897 144
4 -26.3881 49.2164 0.357984 1.6486 0.594448 1.63247 3.220306326794897 98
1 -43.9306 3.62691 1.40687 1.62745 1.8164 4.35256 0.8976033267948965 166
1 -55.1325 -6.15443 1.38814 1.5826 1.8164 4.35256 0.8976033267948965 167
6 -29.6048 -20.6547 1.20262 1.69635 0.660045 1.22197 -1.3432736732051036 126
6 9.09672 -31.0706 1.06525 1.68415 0.607742 0.653219 -0.0621436732051035 181
3 -14.1651 96.0837 0.451834 3.06815 2.97204 8.71226 3.1875663267948964 182
4 -25.6887 55.7007 0.170098 1.61826 0.66653 1.64181 3.220306326794897 150
4 -27.968 50.0424 0.528014 1.61826 0.66653 1.64181 3.220306326794897 165
6 -30.2666 48.6133 0.322397 1.57178 0.739798 0.619408 2.7639163267948965 170
1 -55.5607 -18.6825 1.46874 1.58637 1.74901 4.145 0.9114983267948965 183
6 -46.3417 -29.454 1.92878 1.68453 0.714733 0.607959 0.9300013267948966 127
6 -44.9818 -28.5326 1.56273 1.14767 0.606643 0.503395 0.9300013267948966 128
6 -24.8222 -35.0195 1.45631 1.64587 0.574098 0.570321 3.2431863267948966 184
5 -29.1379 -16.9781 1.71877 2.64722 2.1848 3.84762 2.215000326794897 131
4 19.0545 24.4509 0.358463 1.20496 0.599284 1.60746 1.9916203267948966 85
6 -31.3437 52.183 0.199723 1.62718 0.470212 0.451019 2.8885063267948965 114
4 -30.0121 57.3562 0.361671 1.52231 0.593967 1.70665 3.1628163267948963 145
4 -28.1586 61.2762 0.107751 1.51662 0.631046 1.7593 3.156516326794897 153
4 -28.2174 63.4153 0.106566 1.45006 0.618433 2.08206 3.1472063267948966 149
4 -26.741 59.828 0.0136079 1.40138 0.589913 1.72339 3.2159463267948967 185
