1 -12.3518 -37.5196 1.29765 1.64138 1.77829 4.1452 3.0664363267948964 246
1 0.0814747 71.9369 -0.0679843 1.54881 1.95217 4.39657 0.06725632679489646 247
1 -3.29927 -17.9158 0.901412 1.5849 1.7672 4.28797 0.017806326794896465 5
1 -37.7949 -1.18139 1.18532 1.44634 2.04768 4.75239 0.9182083267948966 6
1 -3.28102 -11.0682 0.900407 1.73388 1.95766 4.25171 -0.0018036732051034399 7
1 1.25965 82.5276 -0.264203 1.42604 1.84334 4.39129 0.0486363267948966 248
1 -7.01282 -6.64445 1.03788 1.79018 2.12721 4.60725 0.006006326794896655 9
1 -3.3949 -4.44586 1.0282 1.90401 2.18993 4.43006 -0.014313673205103461 10
1 -13.0954 33.3778 0.885938 1.65885 1.81151 4.43272 0.6021463267948965 249
1 -35.7151 4.91097 1.19872 1.55132 1.95888 4.59339 0.9604443267948966 13
3 -46.9182 28.7479 1.35077 2.63793 2.37247 7.19453 4.076326326794897 14
1 -41.1718 25.3704 0.960109 1.61729 1.79904 4.069 4.0167663267948965 250
1 -27.1635 -2.50628 1.11758 1.60836 2.07103 4.27901 1.6270786267948965 16
1 -0.115121 -5.76264 0.819504 1.4958 1.99758 4.20566 0.03402632679489659 17
1 20.9143 69.2486 -0.00634569 1.65139 1.92177 5.42138 4.087796326794896 18
3 -42.8018 -0.126757 2.06185 3.17391 2.73262 7.86257 0.9230613267948966 19
1 0.123742 -19.7323 0.812098 1.56473 1.72276 4.22304 0.029636326794896473 20
1 -6.52705 -19.9555 0.869398 1.60798 1.67331 3.96069 0.0014963267948966408 23
1 -18.5307 67.8448 0.0567036 1.4909 1.82828 4.24566 3.1774363267948966 24
4 -14.8873 8.26197 0.953497 1.5751 0.833981 2.21652 4.696936326794896 25
1 -3.4439 -38.0166 0.909582 1.64847 1.87218 4.30461 -0.011793673205103383 26
1 -6.70458 -13.6526 1.27476 1.67525 2.04226 3.9978 -0.03254367320510343 27
2 -3.42899 -25.5346 1.76539 3.29086 2.92481 6.48548 -0.005193673205103444 28
1 -41.2487 -8.00223 1.34466 1.58534 1.74901 4.145 0.9114983267948965 29
1 -42.3288 19.7872 0.957089 1.36316 1.86737 4.48833 4.013726326794897 251
1 -6.6775 -26.1562 0.889749 1.5971 1.71967 4.27056 -0.016073673205103445 31
4 16.2242 25.314 0.385798 1.60592 0.645372 1.57203 0.25329632679489666 32
1 0.0236811 -31.9012 1.1228 1.80154 2.2431 4.55896 0.00017632679489665293 33
1 -16.5621 -36.2704 1.47842 1.66985 1.76859 4.74216 3.1291863267948967 34
4 -16.2628 0.361079 1.03827 1.80246 0.747405 2.63768 3.3827663267948966 35
1 -0.297597 -13.1535 0.956474 1.80525 2.03383 4.32563 0.026136326794896636 36
4 6.47906 4.66675 0.733084 1.43778 0.615877 1.60646 0.04083632679489657 37
4 5.4349 13.8861 0.657858 1.67053 0.70569 1.60271 0.24872632679489648 38
1 -3.40928 -44.2846 1.27335 1.83623 1.79199 4.0254 -0.012633673205103335 39
4 7.59012 14.3277 0.583454 1.58202 0.867002 1.64856 0.3684563267948966 41
1 -0.570656 -45.4937 1.25328 1.5614 1.75928 4.30379 0.015906326794896453 42
3 -46.5227 -7.64212 2.39723 3.47549 3.10961 11.2508 0.9328983267948966 43
4 19.1284 31.6142 0.332744 1.59575 0.677447 1.61599 4.123746326794897 44
4 6.85624 19.9778 0.576408 1.59576 0.607553 1.70585 0.26851632679489645 45
4 6.29166 -28.2053 0.897903 1.3792 0.759475 1.66129 -0.009263673205103462 46
4 -2.67196 7.63363 0.764077 1.60883 0.678396 1.70242 4.175986326794897 47
6 -27.2255 46.8154 0.411242 1.74571 0.760835 0.619408 2.4688103267948964 62
6 38.782 49.5864 0.0595558 1.70164 0.639648 0.622567 2.5091313267948965 49
4 -30.7623 6.62465 1.19259 1.60271 0.582476 1.69323 -0.07691367320510345 50
6 7.98369 -30.7073 1.0044 1.60969 0.546939 0.552945 2.9903363267948966 52
4 5.64322 17.6973 0.691474 1.59841 0.763374 1.59501 0.27212632679489657 53
4 -34.0238 38.3841 0.71531 1.67245 0.816374 1.68583 2.3136803267948967 54
6 8.93187 -12.6544 1.0967 1.72502 0.681955 0.809459 -0.08855367320510354 57
6 9.07808 -31.5031 1.04018 1.64382 0.60504 0.475814 3.079446326794897 71
5 5.48783 20.5669 0.548245 1.44859 0.870278 1.69139 0.3283463267948965 59
4 7.90234 19.152 0.569762 1.51325 0.563932 1.65349 0.3594563267948965 60
6 39.7322 47.7196 0.00363635 1.76872 0.650751 0.797265 2.5267713267948966 63
1 -6.92895 -35.5212 1.10169 1.60798 1.70956 4.23815 0.0014963267948966408 64
1 -0.539727 -39.5393 1.25328 1.5614 1.75928 4.30379 0.015906326794896453 65
1 -1.21134 -50.6884 1.22421 1.61954 1.75928 4.30379 0.015906326794896453 66
1 -3.62955 -50.7647 1.12355 1.61954 1.75928 4.30379 0.015906326794896453 67
4 7.72918 -12.479 1.01339 1.6896 0.877012 1.63155 -0.059973673205103495 70
6 8.35588 -31.7793 1.06171 1.83997 0.607742 0.621101 3.079446326794897 58
4 5.93193 -18.2626 0.886159 1.63652 0.67445 1.62422 -0.030133673205103406 72
6 9.43243 -28.2876 1.06467 1.68531 0.607742 0.798408 -0.0621436732051035 73
6 9.35506 -40.3337 1.02732 1.54209 0.623145 0.611269 -0.0621436732051035 74
4 4.86013 15.2954 0.603835 1.56213 0.895283 1.6452 0.24872632679489648 77
4 6.13009 16.1514 0.680071 1.77279 0.70569 1.60271 0.24872632679489648 78
4 7.30598 16.1286 0.637766 1.68818 0.70569 1.60271 0.24872632679489648 79
4 13.039 23.6384 0.428684 1.54366 0.609859 1.65349 0.9635013267948965 80
4 9.1839 8.83187 0.581464 1.13454 0.579494 1.51784 0.04083632679489657 81
4 16.1529 22.4609 0.375643 1.1706 0.618659 1.47603 2.5416723267948966 82
4 16.957 23.305 0.352679 1.21653 0.550068 1.60746 2.3542483267948966 83
4 17.4423 23.6211 0.352679 1.21653 0.537794 1.60746 2.3542483267948966 84
4 19.0627 24.4693 0.352679 1.21653 0.558479 1.60746 1.9916203267948966 85
4 25.1396 29.3436 0.249013 1.0092 0.518833 1.60746 2.6482263267948967 86
4 26.0245 30.5938 0.249013 1.0092 0.518833 1.60746 2.6482263267948967 87
3 -14.1492 82.803 0.451834 3.06815 3.0884 8.71226 3.1875663267948964 89
4 -51.2961 36.2595 0.767676 1.39789 0.717468 1.75472 3.9499463267948967 99
4 -36.8936 40.473 0.48117 1.47813 0.695434 1.64434 2.3136803267948967 100
6 -41.0192 34.7965 0.88564 1.79285 0.767861 0.59733 2.3552983267948964 105
4 13.087 71.3086 -0.0984184 1.67414 0.770856 1.61205 3.6854863267948965 109
6 20.798 91.7306 -0.729146 1.55702 0.941078 0.621874 4.103536326794897 110
6 22.1288 95.4926 -0.77637 1.49982 0.684887 0.767041 4.103536326794897 111
6 33.62 99.7518 -1.00666 1.57564 0.610492 0.696052 4.103536326794897 112
6 -29.8017 -5.1593 1.32004 1.90372 0.676558 0.435486 -0.7366636732051033 117
6 -31.9204 -7.07699 1.28987 1.66802 0.585314 0.486821 0.7245443267948966 118
4 -20.6408 -34.3435 1.21161 1.41949 0.679279 1.61103 3.0054163267948963 119
5 -35.8134 -10.3095 1.19002 1.45544 1.63749 2.93469 0.6516053267948966 123
6 -23.5825 -27.1505 1.26851 1.66947 0.598767 0.637412 -0.6370736732051037 130
4 11.2347 22.1671 0.450435 1.50016 0.512257 1.65349 0.9635013267948965 133
4 13.1483 22.9017 0.380652 1.45615 0.512257 1.65349 0.9635013267948965 132
4 27.0528 32.2521 0.280113 1.0714 0.518833 1.60746 2.6482263267948967 141
1 -14.24 74.5104 -0.187673 1.5452 1.93384 4.20244 3.1823363267948963 142
4 -25.7851 55.719 0.198464 1.61826 0.66653 1.64181 3.220306326794897 134
4 -27.0827 59.6806 0.270581 1.51303 0.66653 1.64181 3.220306326794897 149
4 -32.4198 -5.24073 1.26142 1.6859 0.602152 1.78715 0.5020463267948965 116
6 10.3094 -49.5296 1.14857 1.62853 0.674359 0.635276 3.079446326794897 159
1 -10.5375 74.8019 -0.206238 1.42788 2.00065 4.1913 3.1823363267948963 191
1 -25.83 40.2159 0.668221 1.84332 1.98784 4.84227 3.6470563267948966 237
1 -27.9008 16.8313 1.17298 1.7727 1.93114 4.72453 0.8493083267948965 252
6 8.83259 -28.2678 1.03651 1.71344 0.644626 0.513093 -0.0621436732051035 181
1 -49.9641 -14.6155 1.64055 1.8817 2.05423 4.38177 0.9114983267948965 183
6 -24.5801 -33.6823 1.45631 1.64587 0.574098 0.570321 0.1015963267948965 184
1 -17.5962 -45.0405 1.23794 1.66985 1.71096 4.10116 3.1291863267948967 193
5 -23.2448 -21.7957 1.67587 2.69181 2.20967 3.80531 2.2883743267948966 131
1 -40.1479 9.8353 1.47013 1.99209 2.25704 5.30661 0.8976033267948965 197
4 -38.6978 -21.5723 1.21435 1.03424 0.571569 1.62716 3.0408563267948967 198
6 -31.7701 -19.0866 1.22379 1.58855 0.397433 0.418448 -1.2974836732051034 125
6 -30.1918 -18.5604 1.22958 1.64818 0.429746 1.23424 -0.6715136732051032 207
6 -46.1778 -29.3969 1.95046 1.66055 0.692999 0.494686 0.9483543267948965 208
6 -44.8657 -28.5805 1.65002 1.30575 0.586836 0.456405 0.9483543267948965 209
1 -7.32951 77.6587 -0.412049 1.42788 1.88408 4.1913 3.1823363267948963 211
1 -10.1135 81.2423 -0.275918 1.42788 1.7976 4.1913 3.1823363267948963 212
1 -21.3683 66.876 -0.105744 1.4909 1.82828 4.24566 3.1774363267948966 215
1 -20.9152 82.4909 0.0669857 1.99503 1.82828 5.05891 3.1774363267948966 216
1 -3.26132 -31.4873 0.909582 1.64847 1.87218 4.30461 -0.011793673205103383 240
4 8.98149 17.8391 0.53483 1.60663 0.8164 1.6304 0.4013363267948966 51
1 -10.4401 89.298 -0.615858 1.42788 1.7976 4.1913 3.1823363267948963 213
6 -37.6899 37.2996 0.88564 1.79285 0.651098 0.59733 2.3552983267948964 226
6 -37.0235 39.54 0.599067 1.59453 0.651098 0.59733 2.3552983267948964 227
6 -36.8991 38.881 0.599067 1.59453 0.651098 0.59733 2.3552983267948964 228
6 -37.663 39.5253 0.599067 1.59453 0.651098 0.59733 2.3552983267948964 229
4 -25.31 51.4452 0.291208 1.61826 0.66653 2.05179 3.5363163267948963 241
1 -32.5287 42.6883 0.556333 1.63761 2.16164 4.56725 2.2996263267948964 242
1 -39.5681 14.3485 1.15715 1.45407 1.66306 4.53797 0.13515632679489653 243
4 -31.9116 -22.4237 1.1025 1.1259 0.452616 1.70105 3.518706326794897 245
6 8.7499 -54.9867 1.14857 1.62853 0.674359 0.635276 3.079446326794897 253
6 9.36064 -55.0291 1.14857 1.62853 0.674359 0.635276 3.079446326794897 254
6 -27.9662 49.0605 0.411242 1.74571 0.760835 0.619408 2.4688103267948964 114
6 -26.2362 48.8543 0.411242 1.74571 0.760835 0.619408 2.4688103267948964 170
4 -26.716 48.362 0.346815 1.50868 0.628775 1.64995 2.5340563267948966 97
4 -24.885 48.2131 0.428371 1.68989 0.655855 1.68063 3.2701863267948967 255
1 -41.3593 5.24271 1.51128 1.99209 2.11014 5.19124 0.8976033267948965 256
6 -44.2932 -27.8058 1.65002 1.30575 0.539888 0.456405 0.9483543267948965 257
4 -29.3533 54.4964 0.231155 1.51833 0.779719 1.54722 3.2391663267948965 152
4 -29.9548 54.3115 0.300741 1.38147 0.604153 1.68092 3.2391663267948965 258
4 -30.1036 57.2013 0.394082 1.45675 0.63739 1.64396 3.2391663267948965 259
4 -28.7072 60.161 0.107552 1.57023 0.850007 2.1082 3.1571563267948966 225
4 -28.1724 63.2699 0.0999488 1.46362 0.713383 1.73734 3.1854863267948965 239
