1 -13.3203 -13.2155 1.05811 1.64138 1.74264 4.1452 3.1495563267948965 1
1 -32.5994 42.3927 0.55936 1.66608 1.75677 4.2771 2.2669193267948966 2
1 -50.8752 14.7858 1.03743 1.63486 1.86727 4.3419 4.021996326794897 154
1 -9.13296 41.0679 0.655437 1.63007 1.90749 4.39657 0.46223632679489657 155
1 -3.27171 -17.9252 0.901412 1.5849 1.74108 4.28797 0.017806326794896465 5
1 -37.649 -1.0844 1.18532 1.44634 1.86641 4.35473 0.9182083267948966 6
1 -3.28833 -10.9992 0.900407 1.73388 2.00032 4.11373 -0.0018036732051034399 7
1 -3.40555 55.4599 0.278755 1.62028 1.98995 4.39129 0.40818632679489664 156
1 -7.02433 -6.58318 1.02097 1.75636 2.11793 4.47473 0.006006326794896655 9
1 -3.42155 -4.44658 1.01844 1.8845 2.26043 4.43072 -0.014313673205103461 10
1 -30.8592 13.5766 1.22891 1.72168 1.74782 4.43272 0.8890233267948966 11
1 -35.746 4.95511 1.18694 1.57488 2.06661 4.59339 0.9604443267948966 13
3 -46.9182 28.7479 1.35077 2.63793 2.37247 7.19453 4.076326326794897 14
1 -26.1828 40.0408 0.516665 1.53289 1.70873 3.76285 3.6910263267948964 15
1 -34.0162 -3.85889 1.24642 1.49429 2.02962 4.59719 1.0532833267948964 16
1 -0.115121 -5.76264 0.819504 1.4958 1.99758 4.20566 0.03402632679489659 17
1 20.8882 69.2989 -0.00634569 1.65139 1.88872 5.42138 4.087796326794896 18
3 -42.7224 -0.0666811 2.04136 3.13293 2.73262 7.66344 0.9230613267948966 19
1 0.123742 -19.7323 0.812098 1.56473 1.72276 4.22304 0.029636326794896473 20
1 0.969721 78.1259 -0.0405394 1.87057 1.96483 4.44029 0.030876326794896602 157
1 -6.51824 -20.0747 0.869398 1.60798 1.70524 4.23815 0.0014963267948966408 23
1 -18.9117 67.8572 0.00757315 1.58916 1.82828 4.19387 3.1774363267948966 24
4 -4.51672 8.09945 0.809328 1.62648 0.784227 2.21122 -1.5157536732051033 25
1 -3.42942 -37.9789 0.909582 1.64847 1.87218 4.30461 -0.011793673205103383 26
2 -3.42996 -25.3484 1.76539 3.29086 2.92481 6.11303 -0.005193673205103444 28
1 -47.6251 -12.9757 1.42584 1.50057 1.74901 4.10171 0.9114983267948965 29
1 -21.2764 44.4676 0.38143 1.41203 1.73921 4.36004 3.3899463267948966 139
1 -6.6775 -26.1562 0.889749 1.5971 1.71967 4.27056 -0.016073673205103445 31
4 16.2242 25.314 0.385798 1.60592 0.645372 1.57203 0.25329632679489666 32
1 0.0367336 -31.9382 1.1228 1.80154 2.19959 4.55896 0.00017632679489665293 33
1 -16.5681 -27.2517 1.38068 1.68787 2.00607 4.74216 3.1291863267948967 34
4 -10.904 15.629 0.972105 1.75462 0.657578 2.17269 3.5490663267948968 35
1 -0.297744 -13.1535 0.943499 1.7793 2.10496 4.32563 0.026136326794896636 36
4 6.50559 4.52355 0.733084 1.43778 0.602769 1.60646 0.04083632679489657 37
4 5.50682 13.8745 0.64505 1.64491 0.626309 1.60271 0.24872632679489648 38
1 -3.39901 -44.2312 1.27335 1.83623 1.79199 4.0254 -0.012633673205103335 39
4 7.60981 14.1058 0.583454 1.58202 0.683625 1.64856 0.3684563267948966 41
1 -0.556822 -45.4973 1.25328 1.5614 1.75928 4.30379 0.015906326794896453 42
3 -46.5227 -7.64212 2.39723 3.47549 3.10961 11.2508 0.9328983267948966 43
4 27.2286 37.8625 0.231151 1.55201 0.599656 1.61599 4.123746326794897 44
4 6.8061 19.8517 0.576408 1.59576 0.607553 1.61799 0.26851632679489645 45
4 6.13345 -34.5066 0.853694 1.62818 0.74782 1.66129 -0.009263673205103462 46
4 4.2611 8.85044 0.732337 1.60883 0.817693 1.57611 -0.04140367320510352 47
6 -29.211 44.9535 0.617416 1.74571 0.739798 0.619408 2.7639163267948965 48
6 38.7926 49.5592 0.0595558 1.70164 0.639648 0.622567 2.5091313267948965 49
4 -30.5774 5.55088 1.14463 1.51365 0.541766 1.65434 0.012896326794896495 50
4 8.94321 17.8308 0.53483 1.60663 0.76601 1.6304 0.4013363267948966 51
6 7.61201 -27.7334 0.995706 1.62709 0.546939 0.682884 2.9903363267948966 52
4 5.61348 17.4188 0.664628 1.59841 0.752929 1.59501 0.27212632679489657 53
4 -33.9524 38.3075 0.655371 1.55257 0.816374 1.53346 2.3136803267948967 54
1 -42.7913 8.68518 1.19904 1.53732 1.82325 4.10234 0.8976033267948965 55
6 9.36459 -16.2368 1.04855 1.76647 0.642903 0.399982 -0.08855367320510354 57
6 8.74211 -28.7878 1.03501 1.75062 0.60504 0.617706 3.079446326794897 58
5 5.47281 20.5273 0.548245 1.44859 0.870278 1.69139 0.3283463267948965 59
4 7.7946 18.431 0.536493 1.47652 0.563932 1.65349 0.3594563267948965 60
6 39.7458 48.4117 0.00363635 1.76872 0.739544 0.696229 2.5267713267948966 63
1 -6.86921 -35.1698 1.10169 1.60798 1.70956 4.23815 0.0014963267948966408 64
1 -0.501759 -39.4874 1.25328 1.5614 1.75928 4.30379 0.015906326794896453 65
1 -1.1797 -50.6892 1.22421 1.61954 1.75928 4.30379 0.015906326794896453 66
1 -3.65752 -51.575 1.12355 1.61954 1.75928 4.30379 0.015906326794896453 67
4 8.24051 -16.1185 0.981344 1.65648 0.861534 1.63155 -0.059973673205103495 70
6 8.11355 -28.7031 1.06171 1.83997 0.607742 0.621101 3.079446326794897 71
4 5.84117 -26.2021 0.912881 1.73677 0.642397 1.62422 -0.030133673205103406 72
6 9.32005 -31.516 1.06525 1.68415 0.607742 0.653219 -0.0621436732051035 73
6 8.91622 -44.3041 1.01104 1.54209 0.820121 0.795718 -0.0621436732051035 74
6 10.4215 -53.5024 1.23697 1.62853 0.674359 0.464901 3.079446326794897 75
4 4.88442 15.3191 0.603835 1.56213 0.895283 1.60271 0.24872632679489648 77
4 6.13009 16.1514 0.680071 1.77279 0.70569 1.60271 0.24872632679489648 78
4 7.30598 16.1286 0.622861 1.65837 0.70569 1.60271 0.24872632679489648 79
4 12.8078 23.3796 0.4854 1.37433 0.535012 1.65349 0.9635013267948965 80
4 9.18682 8.84236 0.567611 1.10683 0.472471 1.49663 0.04083632679489657 81
4 16.1117 22.4793 0.354073 1.12746 0.421753 1.41026 2.5416723267948966 82
4 16.9875 23.2377 0.30145 1.11407 0.497713 1.533 2.3542483267948966 83
4 17.4089 23.5356 0.289746 1.09067 0.377013 1.45329 2.3542483267948966 84
4 19.0583 24.4594 0.352679 1.21653 0.536828 1.60746 1.9916203267948966 85
4 25.2304 29.3863 0.249013 1.0092 0.518833 1.60746 2.6482263267948967 86
4 26.0245 30.5938 0.249013 1.0092 0.518833 1.60746 2.6482263267948967 87
1 -2.21866 89.5664 -0.391725 1.55058 1.84741 4.1913 0.049036326794896556 158
3 -14.1455 82.8197 0.451834 3.06815 2.97204 8.71226 3.1875663267948964 89
1 -10.4988 74.7821 -0.22164 1.36458 2.01236 4.15109 3.1823363267948963 90
4 -28.2627 46.5002 0.357984 1.6486 0.594448 1.63247 2.8037363267948967 97
4 -40.7622 41.7242 0.579885 1.50734 0.672716 1.68003 3.8357963267948967 99
4 -36.5229 40.4503 0.48117 1.47813 0.695434 1.64434 2.3136803267948967 100
6 -36.8457 39.5239 0.52012 1.48138 0.483539 0.485393 2.2987483267948967 101
6 -36.8548 38.9365 0.51151 1.4986 0.483539 0.642728 2.2987483267948967 102
6 -37.5344 39.6254 0.51151 1.4986 0.483539 0.59733 2.2987483267948967 103
6 -37.7208 37.2848 0.801928 1.56377 0.651098 0.59733 2.3552983267948964 104
6 -41.0139 34.7768 0.88564 1.79285 0.651098 0.59733 2.3552983267948964 105
4 18.7027 81.8628 -0.279814 1.46839 0.605109 1.61205 4.076126326794896 109
6 20.5669 92.1417 -0.729146 1.55702 0.821796 0.689261 4.103536326794897 110
6 22.2051 95.5549 -0.738459 1.57564 0.627911 0.646994 4.103536326794897 111
6 33.8012 99.6513 -1.00666 1.57564 0.627911 0.810757 4.103536326794897 112
6 -29.7613 -5.12848 1.32004 1.90372 0.752749 0.426915 -0.7370936732051034 117
6 -31.8907 -7.10324 1.23272 1.78231 0.506107 0.486821 0.7245443267948966 118
4 -25.063 -23.1913 1.11398 1.52674 0.679279 1.61103 2.1080943267948964 119
6 -31.8209 -19.1462 1.19911 1.60782 0.428057 0.530167 -0.35760367320510333 120
4 -31.8367 -22.4785 1.12786 1.2167 0.546961 1.6756 3.4675663267948966 121
4 -38.8171 -21.5406 1.30722 1.10576 0.546961 1.55991 2.9474563267948968 122
5 -35.957 -10.4132 1.19002 1.45544 1.678 2.93469 0.6516053267948966 123
6 -35.4622 -21.2375 1.38306 1.50072 0.626306 0.526084 1.7168503267948965 124
6 -30.1702 -21.9441 1.41381 1.65176 0.674064 0.611557 -0.13722367320510354 125
6 -46.2404 -29.3677 1.92878 1.68453 0.714733 0.607959 0.9300013267948966 127
6 -44.9818 -28.5326 1.56273 1.14767 0.606643 0.503395 0.9300013267948966 128
6 -44.3732 -27.6548 1.40372 0.82967 0.489907 0.395876 0.9300013267948966 129
6 -23.6624 -27.1473 1.25671 1.64587 0.556492 0.570321 -0.6370736732051037 130
4 11.0701 22.1572 0.499373 1.40228 0.512257 1.65349 0.9635013267948965 133
4 13.5125 23.0617 0.499373 1.40228 0.512257 1.65349 0.9635013267948965 132
4 27.3757 32.1741 0.280113 1.0714 0.518833 1.60746 2.6482263267948967 141
1 -14.3235 74.3999 -0.187673 1.5452 1.73863 4.20244 3.1823363267948963 142
6 -29.4276 46.13 0.530449 1.57178 0.739798 0.619408 2.7639163267948965 62
4 -24.915 53.1862 0.411733 1.61826 0.594448 1.63247 3.220306326794897 143
4 -28.47 55.999 0.224298 1.61826 0.66653 1.64181 3.220306326794897 134
4 -29.8918 57.09 0.323197 1.61826 0.66653 1.64181 3.220306326794897 145
4 -26.7366 59.8249 0.323197 1.61826 0.66653 1.64181 3.220306326794897 149
6 -28.7768 61.1689 0.265852 1.60084 0.588915 0.627474 3.2333563267948966 147
4 -33.8415 -7.17692 1.27906 1.65555 0.509446 1.82866 0.7340213267948965 116
6 9.80796 -49.1173 1.23697 1.62853 0.674359 0.635276 3.079446326794897 159
1 -16.4257 -38.3392 1.29967 1.52585 1.77091 4.65506 3.1291863267948967 68
1 -10.2746 81.1493 -0.275918 1.42788 1.72829 4.1913 3.1823363267948963 160
1 -10.4873 89.2521 -0.275918 1.42788 1.72829 4.1913 3.1823363267948963 161
1 -10.6673 100.792 -1.01767 1.42788 1.72829 4.1913 3.1823363267948963 162
1 -10.4466 106.706 -1.01767 1.42788 1.72829 4.1913 3.1823363267948963 163
1 -7.27928 91.4729 -0.275918 1.42788 1.72829 4.1913 3.1823363267948963 91
1 -20.9074 57.4105 0.15583 1.61772 1.90078 4.24566 3.1774363267948966 164
4 -24.2129 56.1774 0.192258 1.61826 0.532011 1.63247 3.220306326794897 151
4 -26.973 55.3763 0.224298 1.61826 0.66653 1.64181 3.220306326794897 144
4 -26.5608 48.4197 0.357984 1.6486 0.594448 1.63247 3.220306326794897 98
6 -26.2486 48.828 0.372201 1.49654 0.739798 0.47617 3.2410963267948967 107
4 -27.1761 46.7284 0.357984 1.6486 0.594448 1.63247 3.461696326794897 165
1 -45.2925 2.6001 1.38814 1.5826 1.8164 4.35256 0.8976033267948965 166
1 -56.0163 -6.4444 1.38814 1.5826 1.8164 4.35256 0.8976033267948965 167
1 -6.61156 -13.6337 1.27476 1.67525 1.86829 3.96615 -0.03254367320510343 27
6 -29.2652 -21.1342 1.20262 1.69635 0.660045 1.15226 -1.3432736732051036 126
5 -30.5421 -16.2496 1.7469 2.56437 2.17366 3.73677 2.1680093267948966 131
6 -28.0449 49.6586 0.4117 1.68378 0.618807 0.651171 3.0062063267948966 168
6 -28.9785 48.9691 0.4117 1.68378 0.618807 0.651171 3.0062063267948966 169
4 -29.6554 53.7711 0.262094 1.48083 0.720414 1.64181 3.220306326794897 152
4 -25.6961 56.632 0.212054 1.57509 0.546285 1.59762 3.2183563267948965 150
4 -28.0223 63.2393 0.0327406 1.59875 0.608128 1.74474 3.2014863267948965 153
4 -28.4631 59.7889 0.154405 1.50308 0.631048 1.60824 3.2072363267948965 146
6 -29.8651 48.7497 0.288511 1.62636 0.690586 0.649356 3.0061863267948965 170
6 -31.3108 52.2557 0.213911 1.61586 0.547002 0.547003 2.714746326794897 114
6 -33.3078 52.004 0.367233 1.67935 0.707304 0.736775 2.8209563267948967 171
4 -31.3829 55.1545 0.0525639 1.47413 0.56462 1.5766 3.1311963267948966 172
