1 -3.9258 9.20445 0.759138 1.74277 2.08272 4.10369 3.151776326794897 60
1 -4.0675 -14.0085 0.874707 1.82627 1.82809 4.09949 3.131436326794897 61
1 10.2894 39.1026 0.687206 1.6013 1.74948 4.52764 1.2734413267948965 62
1 -3.86451 24.5349 0.710556 1.94592 2.19388 4.59837 3.147226326794897 63
1 5.18364 35.8486 0.734729 1.81203 2.04444 4.60553 -0.2864036732051034 64
1 12.5145 20.0247 1.04036 1.6842 1.95647 4.33553 1.5973941267948966 11
1 10.6341 0.809352 1.00338 1.48416 1.8061 4.50973 -0.07010367320510347 65
1 12.4294 14.2296 1.02411 1.65103 1.71542 3.72323 1.6371723267948965 66
1 16.1594 10.2162 1.17398 1.68751 1.93055 4.46689 1.6052007267948967 13
1 -14.0205 -31.6687 0.36339 1.54055 1.95082 4.25815 4.068966326794897 67
1 -3.76995 41.7238 0.424038 1.51124 1.89816 4.24278 3.1500963267948965 68
1 -0.735118 -33.6133 0.974236 1.64152 2.14344 4.28484 -0.01097367320510334 8
1 16.6978 43.0026 0.905698 1.54735 1.85828 4.56599 1.6292414267948965 69
1 15.7699 5.03264 1.28968 1.737 2.01235 4.62835 1.6060067267948965 5
1 15.5892 -3.45775 1.33691 1.89532 1.87802 4.15536 1.6345931267948965 25
1 16.1463 -6.1078 1.2791 1.73181 1.84801 4.33592 1.5356041267948966 70
1 -3.32681 57.1666 0.285488 1.52975 1.85547 4.24207 3.1153863267948965 71
1 15.751 2.44368 1.14752 1.52643 1.81674 4.19645 1.5934389267948965 17
1 21.7576 9.83115 1.41975 1.73745 1.83874 4.94185 1.6183030267948966 72
1 0.155059 66.6266 0.321043 1.41455 2.01316 4.21174 0.04495632679489647 14
1 15.9104 -0.786665 1.1356 1.49981 1.87647 4.21948 1.5945774267948964 73
2 11.7204 -32.1868 1.54576 2.38656 2.62574 6.77703 -0.16099367320510338 74
1 -3.5284 76.3081 0.108188 1.48149 1.82897 4.26553 3.157546326794897 75
4 3.36202 43.6641 0.499576 1.5156 0.691117 1.71808 0.11029632679489665 31
1 16.6076 64.348 1.0372 1.52367 1.88714 4.20609 -1.5566236732051033 32
1 10.4471 45.1288 0.624292 1.51244 1.82633 4.217 1.4594893267948965 12
4 -7.60022 -53.9014 0.828826 1.50083 0.766146 1.7158 3.1165863267948968 28
1 15.7105 53.7654 0.757555 1.54766 1.86036 4.27283 1.6968493267948965 56
4 1.66397 42.5767 0.516378 1.54196 0.819501 1.73598 0.09509632679489655 24
1 16.7227 70.2311 1.00465 1.5356 1.81615 4.24361 1.6049423267948966 29
1 14.7572 59.6348 0.901561 1.51364 1.88166 4.22332 1.7663293267948965 27
1 10.877 51.1261 0.676516 1.5277 1.8177 4.21228 1.6695589267948965 23
5 17.251 23.023 1.35876 1.50453 1.40117 2.73767 -1.5250236732051032 76
2 10.022 63.3012 0.988704 2.44455 2.31752 6.1128 -1.5005436732051036 77
4 -7.22012 65.9563 0.109042 1.47287 0.727064 1.78377 3.186546326794897 78
8 13.6732 -6.18102 0.668706 0.711644 0.307762 0.343158 3.0081763267948967 43
8 13.7648 -7.53288 0.668706 0.711644 0.307762 0.343158 3.0081763267948967 35
8 13.9424 -8.06981 0.668706 0.711644 0.307762 0.343158 3.0081763267948967 36
8 13.7364 -15.3653 0.798128 0.871214 0.476732 0.441294 3.0081763267948967 38
8 13.5398 -16.4448 0.777779 0.792772 0.387774 0.398291 3.0081763267948967 39
8 13.5699 -18.2891 0.734161 0.721151 0.347027 0.343158 3.0081763267948967 40
8 13.5362 -20.4533 0.744711 0.700051 0.347027 0.343158 3.0081763267948967 41
8 13.596 -22.806 0.762474 0.664525 0.370807 0.343158 3.0081763267948967 79
8 13.5189 -25.5349 0.741775 0.705923 0.370807 0.343158 3.0081763267948967 80
8 13.6487 -27.0402 0.741775 0.705923 0.370807 0.343158 3.0081763267948967 81
8 -9.72167 -43.6975 0.27117 0.708547 0.350932 0.353415 -0.14317367320510344 82
4 30.1005 29.0203 1.3519 1.33308 0.89133 1.84022 1.6564328267948967 48
4 30.3501 27.5293 1.37291 1.29107 0.89133 1.79717 1.6564328267948967 83
1 28.5086 9.60409 1.77063 1.87348 1.63106 4.21787 1.5304158267948966 84
1 29.6917 -5.90446 1.63503 1.43907 1.88479 4.24579 1.4408973267948966 85
5 29.4974 -3.81805 1.4954 1.15982 1.18211 1.81565 4.582486326794896 86
8 4.82589 -44.8817 0.821849 0.83952 0.339147 0.33819 3.0437663267948967 54
8 4.82157 -43.2462 0.843956 0.883735 0.339147 0.33819 3.0437663267948967 52
8 5.2372 -51.8662 0.841499 0.878822 0.339147 0.33819 3.0437663267948967 87
2 10.4652 69.9514 0.725174 2.02854 2.18135 6.08378 -1.5291136732051034 33
2 10.7704 81.3404 0.459666 2.08795 2.04875 6.36843 4.712386326794896 58
