1 10.3159 24.4676 0.789505 1.53708 1.81171 4.40328 1.2732273267948966 19
1 -3.88614 12.0198 0.669875 1.48964 2.02114 4.63387 3.1674863267948963 1
1 5.22875 21.2476 0.854131 1.86418 2.01073 4.72524 -0.2987736732051034 132
1 -3.4144 28.7691 0.547054 1.55033 2.0383 4.3989 3.1607663267948967 7
1 10.7419 -13.7882 0.973086 1.5439 2.00447 4.56494 -0.0491136732051034 133
1 16.7181 28.29 0.969173 1.52684 1.93661 4.62847 1.6216379267948966 134
1 -3.97638 -21.4084 0.952973 1.79159 1.87114 4.03356 3.126296326794897 91
1 12.7731 -0.488112 0.976534 1.56835 2.06974 4.29652 1.6249255267948965 73
1 16.2038 -4.42424 1.17019 1.59469 1.9748 4.33831 1.6189948267948966 94
1 15.9766 -9.60224 1.23709 1.75015 1.9872 4.86839 1.5829760267948965 93
1 -4.34865 -43.9745 0.958624 1.75019 1.84849 4.34726 3.129956326794897 135
1 -3.44905 46.4877 0.458746 1.53151 1.91546 4.27081 3.1702963267948965 20
1 -0.69262 -37.4297 1.02976 1.69942 2.16134 4.58678 0.05018632679489654 113
1 -3.84069 -5.79043 0.932378 1.9643 1.97158 4.39338 3.1430763267948967 6
1 15.8932 -15.4604 1.10929 1.58483 1.8176 4.2464 1.6168243267948965 114
1 15.8152 -12.3717 1.06972 1.5435 1.92687 4.33151 1.5894467267948966 115
1 12.4779 5.29756 1.04878 1.70881 1.82347 4.22484 1.6069895267948966 5
1 21.9288 -4.91415 1.36209 1.73869 1.95252 5.0775 1.5984502267948966 136
1 16.7152 39.0273 0.936148 1.50294 1.84239 4.56663 1.5592635267948967 90
1 0.583258 69.692 0.393493 1.5953 2.06796 4.27456 0.031696326794896645 14
1 28.5182 -5.2267 1.62066 1.93774 1.91067 4.35349 1.5714756447948965 85
1 -3.09941 75.4354 0.29763 1.51408 1.91204 4.29348 3.1123063267948963 75
4 4.36842 37.2081 0.584995 1.41113 0.760416 1.72033 -0.09308367320510347 31
1 16.9354 49.7269 1.30228 1.51858 1.81283 4.23572 4.712096326794897 10
1 15.8676 -18.3234 1.42728 1.59531 1.73298 4.20738 1.6153279267948966 137
4 2.17317 39.5967 0.640793 1.56646 0.627713 1.72421 0.03262632679489652 24
5 17.1857 8.12743 1.32317 1.6828 1.11504 2.74612 -1.5073936732051036 138
4 -8.51632 43.7698 0.3482 1.60502 0.741966 1.73451 3.1582363267948965 139
4 -7.12538 42.0373 0.373586 1.6402 0.779886 1.74045 3.1577463267948964 140
1 15.0189 44.5362 0.878672 1.53273 1.87766 4.26318 1.6135989267948965 69
2 11.5489 -47.1347 1.49184 2.37754 2.3349 6.9847 2.990246326794897 141
1 17.3574 55.472 1.08129 1.56573 1.80272 4.21988 -1.5555536732051034 56
1 11.9791 30.2151 0.684562 1.50867 1.80858 4.29035 1.6187673267948965 111
2 10.2838 48.5405 1.07727 2.42508 3.30668 5.99553 -1.4765236732051035 142
2 10.6813 55.1985 0.951058 2.12067 2.56797 6.09303 -1.4969436732051036 121
2 11.1183 61.3661 0.858633 1.97604 2.41267 6.05899 -1.5203436732051037 101
1 16.2999 -21.1843 1.13774 1.79744 1.75616 4.20738 1.6153279267948966 143
8 13.7346 -22.2227 0.669755 0.723343 0.332715 0.332715 3.1801063267948964 80
8 13.9234 -22.8023 0.669755 0.723343 0.332715 0.332715 3.1801063267948964 40
8 13.6517 -30.063 0.669755 0.723343 0.332715 0.332715 3.1801063267948964 102
8 13.415 -31.1611 0.669755 0.723343 0.351438 0.332715 3.1801063267948964 103
8 13.5212 -33.0577 0.669755 0.723343 0.351438 0.332715 3.1801063267948964 123
8 13.5523 -41.8063 0.669755 0.723343 0.351438 0.332715 3.1801063267948964 144
5 31.9074 25.8392 1.20298 1.04315 0.901773 2.24713 0.5199663267948966 145
5 30.3178 18.0069 1.24994 1.21116 0.890183 2.42311 1.6086990267948966 146
2 11.0633 66.9668 0.867589 2.0268 2.49098 6.30334 4.703106326794897 77
1 17.6721 57.9451 0.932052 1.51232 1.71967 4.23146 -1.5639936732051036 27
1 13.1567 36.5105 0.816918 1.51097 1.81888 4.66814 1.5899649267948965 88
1 16.6642 41.4938 0.795145 1.50294 1.84239 4.56663 1.5592635267948967 62
