1 10.1369 -1.32712 0.912567 1.49879 1.97636 4.35284 1.2549123267948965 73
1 11.6113 10.4108 0.871865 1.53467 1.9197 4.40504 1.5906883267948966 203
1 9.917 4.35396 0.875304 1.52633 1.81726 4.37939 1.5617437467948965 5
1 -3.66116 -21.2582 0.894558 1.55514 1.84808 4.1668 3.108186326794897 61
1 -3.55276 20.6038 0.559396 1.51857 2.08985 4.45896 3.1703063267948965 63
1 16.4866 2.4741 1.09959 1.54338 1.90129 4.45381 1.6117674267948965 221
1 -3.80785 -4.56567 0.74989 1.48214 1.79964 4.18366 3.1104363267948965 60
1 12.5719 -20.4687 1.20148 1.70436 1.96675 4.4 1.5963608267948965 143
1 -4.01522 -39.6472 0.970775 1.55231 2.00275 4.47228 3.0667663267948964 135
1 10.8437 -39.4916 1.17554 1.52061 2.02503 4.33074 -0.036123673205103346 222
1 16.2676 18.6318 0.926959 1.569 1.82561 4.2339 1.6461044267948965 164
1 -0.0671339 -41.7416 1.15234 1.70125 2.20779 5.01599 0.04185632679489659 113
1 5.03819 -4.23135 1.0047 1.89711 2.25283 4.95832 -0.3186136732051035 223
1 16.9128 23.8508 1.11351 1.95037 2.07186 4.9712 4.694376326794897 147
1 16.8672 13.1604 0.981231 1.53218 1.88301 4.37072 1.6077510267948965 187
1 16.6375 16.1771 0.948503 1.53737 1.8274 4.21344 -1.5138636732051034 224
2 10.0668 22.7225 1.38202 2.73033 3.31075 5.90366 -1.4854636732051034 225
1 12.8124 -26.374 1.1584 1.60024 1.88997 4.2477 1.6117526267948965 169
1 0.666162 73.8123 0.243916 1.54126 2.02973 4.35332 0.03426632679489661 14
4 -8.58449 3.79624 0.525751 1.60999 0.649699 1.60388 3.1320363267948963 226
4 4.55379 26.6628 0.678186 1.58061 0.596258 1.74669 -0.09419367320510341 31
1 21.958 -30.7145 1.68533 1.663 1.88993 5.08196 1.6068838267948966 227
1 -4.27194 -56.1931 1.20986 1.76875 1.90723 4.37974 3.2360263267948968 150
1 28.4779 -31.0106 1.98872 1.78118 2.01658 4.40151 1.5753356467948965 182
4 2.95013 33.3556 0.605531 1.6014 0.650008 1.7042 -0.06722367320510347 24
2 -13.9808 54.8882 0.502906 2.39972 2.50676 6.49204 2.7550463267948966 228
1 15.8001 -38.3136 1.24508 1.54321 1.93625 4.29233 1.6319891267948965 214
1 15.7724 -35.5804 1.38299 1.87188 2.10506 4.36421 1.6075682267948965 188
4 -7.64511 -0.430276 0.592213 1.56813 0.620861 1.4379 3.0953463267948966 229
2 -16.6249 48.4667 0.39365 1.9029 1.96012 4.48561 1.4165193267948966 230
4 -7.71644 1.74289 0.548747 1.56638 0.605018 1.7104 2.9903563267948963 231
2 10.4991 29.4425 1.38431 2.80122 2.33477 6.37619 -1.5697036732051033 207
2 10.881 35.5848 1.00981 2.36638 2.35451 6.03833 -1.5697036732051033 186
2 11.0025 41.4452 1.12472 2.6057 2.15464 6.09887 -1.5705736732051037 167
1 18.8011 29.5823 0.862107 1.4607 1.79905 4.2764 1.5955788267948965 134
5 17.2666 -17.7255 1.38444 1.80982 1.23602 2.82752 -1.5655236732051034 232
1 11.0386 79.2162 0.435675 1.47113 1.8621 4.25797 -1.5686236732051033 233
4 -7.22712 54.5643 0.159385 1.44703 0.852659 1.99782 3.1038963267948967 234
1 16.7979 -30.4105 1.30651 1.71892 2.10506 4.36421 1.6075682267948965 174
1 15.8773 -41.607 1.2523 1.55764 1.93625 4.29233 1.7519853267948966 215
1 15.8828 -44.2739 1.47008 1.99321 1.98844 4.29233 1.6380063267948965 235
1 16.3106 -47.3666 1.26011 1.57327 1.98844 4.29233 1.6380063267948965 236
5 31.8969 0.178859 1.31559 1.04344 0.960865 2.48767 0.6002753267948966 218
5 30.2771 -7.68896 1.33139 1.10485 0.980929 2.3156 1.6023498267948966 237
4 30.3213 -11.5986 1.31228 1.04705 0.716208 2.00915 1.6023498267948966 217
4 30.5672 -13.103 1.31228 1.04705 0.716208 2.00915 1.6023498267948966 238
2 12.699 45.8006 1.25776 2.87946 2.29647 6.25304 4.684276326794897 151
