1 12.5235 10.2536 1.0296 1.71419 1.94299 4.32708 1.6029340267948966 13
1 5.26697 26.2117 0.766836 1.86038 2.02773 4.79607 -0.2811636732051035 109
1 -3.78132 21.8993 0.556479 1.50631 2.064 4.42337 3.1539663267948965 63
1 15.8313 -4.59402 1.23163 1.67726 2.0505 4.66321 1.5883462267948965 94
1 10.7691 -8.8389 0.949382 1.59205 1.91719 4.52463 -0.08352367320510345 110
1 10.3313 29.4308 0.696807 1.58947 1.84551 4.43427 1.2902373267948966 111
1 -3.93136 -11.5146 0.905425 1.72597 1.95465 4.26201 3.130356326794897 61
1 16.7861 33.229 0.897537 1.51518 1.89233 4.71139 1.6176601267948965 112
1 -3.30624 38.2748 0.477656 1.61772 2.09568 4.30152 3.1726363267948967 68
1 15.7962 -7.40065 1.07634 1.50451 1.94333 4.33474 1.5760866567948966 70
1 -3.83993 5.23613 0.897848 1.88687 2.07275 4.44632 3.1610163267948965 60
1 -4.28493 -33.8778 0.942667 1.71769 1.89893 4.28439 3.108866326794897 8
1 -0.665452 -36.4899 1.03347 1.73762 2.22879 4.96529 -0.07739367320510349 113
1 12.7164 4.46794 0.977075 1.58988 1.82228 4.21069 1.6604286267948964 5
1 16.2217 0.463791 1.16661 1.6714 2.14273 4.33028 1.5972301267948965 73
1 15.9555 -10.3704 1.06479 1.55567 1.87328 4.2248 1.5770198267948965 93
1 -3.17009 56.5568 0.412765 1.4171 1.7604 4.28772 3.1366563267948964 71
1 16.1682 -16.0335 1.18362 1.69726 1.87387 4.31014 1.5725823867948965 114
1 15.8506 -13.4002 1.42386 1.52398 1.80171 4.24276 1.6150421267948967 115
2 11.5767 -42.0484 1.46251 2.42635 2.49553 6.77068 -0.17109367320510338 116
1 16.6651 43.9478 0.760161 1.50147 1.8475 4.31829 1.5958089267948965 69
1 0.404446 68.7042 0.407528 1.64877 2.00277 4.27629 -0.0056436732051035055 14
4 4.14643 39.2741 0.561607 1.50868 0.615081 1.70536 0.10194632679489657 31
1 29.9956 -15.7497 1.5119 1.51877 1.89453 4.38415 1.4400703267948964 117
1 14.9856 49.5317 0.791727 1.54684 1.85382 4.25736 1.6024488267948966 10
1 16.8133 54.5288 1.0916 1.54615 1.7903 4.22176 4.666896326794896 56
1 17.1107 60.4323 1.07303 1.52111 1.90495 4.21998 -1.5617036732051033 27
1 11.2306 35.353 0.563143 1.50494 1.80328 4.2455 1.4834334267948965 88
4 1.83221 40.6064 0.557239 1.51392 0.625446 1.71127 -0.21601367320510345 24
5 17.5291 13.0887 1.23896 1.74487 1.22381 2.70852 -1.5344636732051034 118
4 -8.44567 50.9841 0.180742 1.51932 0.747412 1.73361 3.0817663267948965 119
4 -6.99597 49.3545 0.2185 1.55636 0.642441 1.74795 3.0817663267948965 120
2 10.2445 53.1942 1.02088 2.34879 2.77141 6.03907 -1.4768536732051034 121
2 10.6592 60.3474 0.639763 1.94439 2.0804 6.02784 4.693126326794896 101
1 -3.0707 86.3281 0.122401 1.44538 1.92841 4.12206 3.1359463267948966 49
8 13.6461 -15.9385 0.64764 0.717662 0.353282 0.330297 3.0932863267948965 39
8 13.7617 -17.2679 0.664971 0.752324 0.369054 0.330297 3.0932863267948965 122
8 13.9534 -17.8866 0.664971 0.752324 0.367814 0.330297 3.0932863267948965 40
8 13.5598 -25.0842 0.664971 0.752324 0.367814 0.330297 3.0932863267948965 80
8 13.5399 -30.213 0.664971 0.752324 0.382456 0.330297 3.0932863267948965 102
8 13.561 -32.6726 0.676858 0.728549 0.413598 0.330297 3.0932863267948965 103
8 13.394 -35.2721 0.676858 0.728549 0.359033 0.330297 3.0932863267948965 123
8 13.5409 -36.8455 0.676858 0.728549 0.382456 0.330297 3.0932863267948965 124
8 -10.013 -51.347 0.353873 0.711588 0.387897 0.35603 -0.12070367320510345 125
8 -10.3316 -49.4909 0.353873 0.711588 0.387897 0.35603 -0.12070367320510345 126
8 -9.89513 -53.3561 0.353873 0.711588 0.387897 0.35603 -0.12070367320510345 127
4 30.3149 19.0536 1.28223 1.31169 0.73759 1.94694 1.5626563867948966 106
4 30.7273 17.627 1.25408 1.25538 0.798478 2.21732 1.5626563867948966 128
8 4.57684 -54.6573 0.658367 0.818795 0.361901 0.32444 1.4671533267948966 129
8 4.60392 -52.9511 0.671933 0.845927 0.361901 0.32444 1.4671533267948966 87
8 4.84328 -52.5314 0.671933 0.845927 0.361901 0.32444 1.4671533267948966 130
1 21.5596 -0.0880863 1.36079 1.78197 1.9608 4.373 1.5972301267948965 131
1 28.5368 -0.29349 1.54495 2.15027 1.9608 4.22452 1.5972301267948965 22
1 13.0542 41.43 0.745973 1.51097 1.81888 4.66814 1.5899649267948965 62
2 11.0913 66.4844 0.409391 2.05089 2.38183 6.06381 4.701906326794896 77
1 16.8196 63.0736 0.715738 1.48549 1.83043 4.15598 4.708006326794896 32
2 10.9014 71.7706 0.691285 1.93595 2.16288 6.13984 4.6776863267948965 33
