1 12.4912 15.1839 0.990891 1.72957 2.03493 4.2704 1.5946098267948965 66
1 10.3442 34.3181 0.691976 1.48483 1.92873 4.44685 1.2617353267948965 88
1 5.29668 31.0085 0.742074 1.7793 2.00332 4.59046 -0.30113367320510354 89
1 -3.83197 14.8788 0.833493 1.89064 2.19913 4.60579 3.1437163267948964 1
1 -3.72891 31.9136 0.511609 1.55168 2.00683 4.47236 3.1945063267948965 7
1 15.9792 5.29737 1.11745 1.62584 1.93787 4.03087 1.6256140267948966 5
1 16.7958 38.121 0.841382 1.51352 1.9282 4.79731 1.6257940267948965 90
1 -3.29641 47.7505 0.421904 1.50151 2.06843 4.32052 3.1412063267948964 20
1 12.4129 9.29822 0.909891 1.5649 1.79123 3.64724 1.6364700267948966 13
1 15.6977 -2.4494 1.10861 1.4668 1.87186 4.17202 1.5736443667948965 25
1 15.64 0.231767 1.21481 1.72252 2.25802 4.25407 1.6086520267948965 73
1 -4.19466 -23.9834 0.915804 1.75199 1.8076 4.38851 3.1304463267948965 91
1 -3.82805 -1.72792 0.872381 1.78634 1.77415 3.87713 3.1480563267948964 6
1 10.7511 -3.99207 0.976564 1.499 2.04737 4.67858 -0.07675367320510351 92
1 -0.832676 -34.9176 0.996726 1.58285 2.11509 4.23571 0.03671632679489645 8
1 16.16 -11.0894 1.20325 1.72251 1.89257 4.29511 1.5990945267948966 93
1 15.6671 -8.39633 1.3178 1.86778 1.77284 3.93079 1.6548880267948967 70
1 0.308353 67.7507 0.40455 1.65946 1.98776 4.29779 0.016066326794896613 14
1 16.5347 -5.45731 1.0472 1.53136 1.8769 4.22103 1.5717898807948965 94
1 15.9589 48.7277 0.695177 1.50919 1.8171 4.20578 1.5260535267948965 10
1 -15.2259 -37.5488 0.470757 1.49746 1.83137 4.23641 3.8775163267948964 95
1 16.9074 65.3514 1.03094 1.51529 1.808 4.21963 -1.5696736732051035 32
1 17.9618 59.443 1.08467 1.50943 1.80904 4.21086 4.708246326794896 27
1 10.8811 40.2503 0.555726 1.54394 1.80659 4.22059 1.4612403267948966 62
2 11.409 -36.8294 1.53164 2.437 2.4834 6.14499 -0.1310336732051034 96
4 3.81541 41.408 0.48201 1.46726 0.640765 1.70612 0.20460632679489654 31
4 1.59331 41.6535 0.595533 1.54797 0.568796 1.7499 -0.3681336732051035 24
1 29.9948 -11.1325 1.54476 1.58687 1.83916 4.2123 1.6769083267948965 97
1 17.083 54.4016 0.760521 1.52715 1.69451 4.23916 1.6130890267948965 56
4 -8.41098 59.3562 0.0376815 1.50012 0.840606 1.71684 3.2206663267948965 98
9 -3.89285 1.30403 0.821023 1.78583 1.73164 1.32427 -0.009093673205103459 99
5 17.4459 17.9595 1.17653 1.74195 1.13313 2.71533 -1.5403436732051032 100
2 10.2098 58.6277 1.1639 2.01836 2.18466 5.94929 -1.4875836732051035 101
2 10.7471 65.5316 0.84793 1.86223 2.25828 6.26427 4.603816326794897 77
8 13.5806 -11.018 0.667283 0.708356 0.356223 0.346286 3.1402863267948966 36
8 13.7434 -12.3425 0.675526 0.671107 0.356223 0.346286 3.1402863267948966 38
8 13.946 -12.9667 0.65858 0.704999 0.356223 0.346286 3.1402863267948966 39
8 13.5039 -23.209 0.65858 0.704999 0.362436 0.346286 3.1402863267948966 79
8 13.4799 -25.3826 0.65858 0.704999 0.362436 0.346286 3.1402863267948966 80
8 13.4987 -27.7598 0.773498 0.819093 0.441653 0.346286 3.1402863267948966 81
8 13.4462 -30.3522 0.65413 0.704999 0.364375 0.346286 3.1402863267948966 102
8 13.5675 -31.9453 0.716545 0.774718 0.410463 0.335511 3.1402863267948966 103
2 28.6692 4.57205 1.60797 1.89975 1.82537 4.5075 1.6182446267948967 104
1 -3.0156 97.4217 0.227837 1.46529 1.86793 4.24043 3.0524863267948965 105
8 -10.3613 -44.6262 0.216845 0.722805 0.306198 0.323557 3.1457063267948966 82
4 30.217 23.9365 1.32775 1.0889 0.686091 1.80285 1.5623854967948965 83
4 30.5131 22.6679 1.32775 1.0889 0.686091 1.80285 1.5623854967948965 106
4 -7.14337 58.8486 0.152101 1.72896 0.840606 1.71684 3.2206663267948965 107
1 -3.30043 66.4133 0.320218 1.42561 1.81163 4.21837 3.2284563267948965 16
1 21.4828 4.87256 1.35243 1.72363 1.72754 4.41459 1.6134510267948965 108
8 4.68327 -48.1027 0.745945 0.893779 0.378037 0.349427 3.0846963267948966 54
8 4.64173 -49.7763 0.745945 0.893779 0.378037 0.33209 3.0846963267948966 87
2 11.1511 71.1736 0.616618 1.93496 2.31539 6.23491 -1.5664036732051034 33
2 10.796 76.6727 0.738542 1.88608 2.42738 5.90795 4.711946326794896 55
1 12.3829 46.2128 0.592697 1.56349 1.83672 4.16251 1.6128255267948965 12
