1 5.03722 6.04377 0.973858 1.86563 1.93774 4.77461 -0.27802367320510335 184
1 -3.82433 16.2855 0.620334 1.49275 2.03703 4.01885 3.1438363267948963 63
1 -3.98329 -19.2022 0.875294 1.48576 1.86791 4.34258 3.1348863267948968 61
1 12.4961 -9.8762 1.16791 1.72935 1.9615 4.15688 1.5933775267948966 93
1 10.7805 -29.0612 1.1784 1.59372 2.07693 4.44313 -0.047753673205103375 185
1 -3.98547 -35.8647 1.11675 1.91193 1.99392 4.35649 3.1017263267948962 8
1 9.84858 14.9957 0.822039 1.53732 1.81193 4.23131 1.5108873267948966 66
1 -0.313054 -40.3783 1.13125 1.73601 2.20431 4.96408 0.02319632679489647 113
2 9.93714 33.2399 1.33931 2.54917 3.24743 5.75296 -1.4611336732051035 186
1 16.8258 34.4079 1.09535 1.98295 1.96776 4.6928 4.6552563267948965 112
1 12.4903 -15.7666 1.14222 1.57999 1.75118 3.61491 1.6306630267948965 149
1 17.0667 13.0231 1.05644 1.55797 1.86654 4.21154 1.6429864267948966 187
1 16.6866 23.7176 0.950647 1.5065 1.80208 4.25775 1.5681263367948965 147
1 -3.67973 -1.67224 0.759232 1.5036 1.88856 4.2072 3.1499663267948965 60
1 15.9401 -30.8002 1.28628 1.60656 1.87922 4.33227 1.6453529267948965 174
1 -3.68204 -52.4428 1.10174 1.68723 1.82396 4.3035 3.1585863267948966 150
1 15.9447 -33.6611 1.50634 1.93044 1.82268 4.36336 1.6494862267948966 188
1 15.7961 -24.9154 1.39773 1.79635 1.84716 4.42317 1.5880445267948966 158
1 11.5559 20.9891 0.831398 1.55084 1.91533 4.23002 1.5630029167948967 11
1 0.557922 72.3401 0.386396 1.51612 2.01691 4.24546 0.05195632679489659 14
1 15.8008 -27.7221 1.21844 1.50838 1.80865 4.21767 1.6142417267948965 169
1 28.5744 -20.4433 1.80777 1.89098 1.82602 4.28229 1.5444528267948965 189
4 4.59638 31.0716 0.625282 1.55236 0.571075 1.73652 -0.10698367320510349 31
4 -7.41921 17.6035 0.462661 1.52351 0.639079 1.75282 3.2246563267948964 190
1 16.3084 29.3045 0.937581 1.5647 1.85577 4.24696 1.5976089267948965 134
1 15.5571 -19.6952 1.31457 1.5873 1.80173 4.27719 4.6734163267948965 143
5 17.1137 -7.14137 1.38538 1.87906 1.20088 3.03233 -1.5604836732051033 191
4 2.64724 36.0659 0.675788 1.55349 0.633135 1.72217 -0.10538367320510345 24
1 18.0901 26.8024 0.946821 1.53619 1.84364 4.3536 1.5678707567948966 192
4 -8.72939 19.8587 0.395482 1.59567 0.562145 1.7207 2.9940363267948964 193
1 21.6239 -20.0835 1.60677 1.5923 1.85139 4.52462 1.6160813267948966 194
9 -3.55036 1.48985 0.917783 1.03299 1.58676 1.32188 3.1776963267948966 195
2 10.4729 40.009 1.14393 2.31119 2.41299 5.89669 4.710146326794897 167
2 10.8989 46.0429 0.943412 2.40155 2.18708 6.06151 4.710146326794897 151
2 10.9999 52.1735 0.922699 2.22291 2.33123 6.09567 4.710146326794897 142
4 -7.25326 71.6623 0.413275 1.59188 0.70772 1.78218 3.1797063267948964 196
8 13.6322 -48.2646 0.877231 0.721966 0.36229 0.342975 3.0303763267948964 177
8 13.5864 -46.3524 0.827103 0.822221 0.36229 0.342975 3.0303763267948964 176
8 13.5724 -50.4574 0.877231 0.721966 0.36229 0.342975 3.0303763267948964 197
8 13.6703 -52.75 0.877231 0.721966 0.36229 0.342975 3.0303763267948964 198
5 31.7701 10.6578 1.30613 0.997672 0.854604 2.18071 0.5304063267948966 180
5 30.1767 2.77548 1.28166 1.07664 0.955939 2.15581 1.7300023267948965 199
4 30.226 -1.07712 1.37805 1.26302 0.727985 1.83945 1.5424059267948966 181
4 30.444 -2.77433 1.30905 1.12502 0.77657 1.83945 1.5424059267948966 200
1 -3.3528 42.4469 0.460815 1.43254 2.0533 4.49765 3.2315563267948963 201
1 30.8131 -35.7311 1.74069 1.57666 1.80545 4.28405 1.5986731267948966 202
1 18.3108 40.1978 1.03937 1.82726 1.88578 4.78044 1.5333634267948966 90
1 18.5166 42.7642 0.884094 1.49198 1.88415 4.30097 4.682346326794896 69
