1 16.6653 23.2538 0.969633 1.53181 1.92061 4.63928 1.6037265267948966 147
1 -3.53977 18.9632 0.610977 1.52645 2.09062 4.02986 3.167166326794897 63
1 12.5179 0.362353 1.08395 1.70607 2.18001 4.36648 1.6044804267948967 73
1 10.3188 19.4298 0.81937 1.56352 1.88332 4.23807 1.2666633267948966 11
1 5.18469 16.2343 0.866087 1.85865 1.97444 4.7847 -0.2857936732051034 148
1 -4.00969 -31.7216 0.920883 1.74771 1.95462 4.33023 3.1471163267948965 8
1 -3.89274 -15.6693 1.01894 1.91512 2.02705 4.43179 3.1265063267948965 61
1 16.0038 -14.5984 1.27317 1.71524 1.9332 4.87215 1.5786220067948966 114
1 10.8618 -18.7496 0.973031 1.48872 1.91455 4.39984 -0.0703636732051034 149
1 -3.62489 36.4628 0.522967 1.52833 2.09414 4.36606 3.2406163267948966 68
1 -0.521384 -38.2089 0.996749 1.7418 2.19452 4.20816 0.012896326794896495 113
1 16.1409 -9.46407 1.19292 1.74647 1.80336 4.22627 1.6253539267948967 93
1 15.9072 -20.4449 1.08767 1.63983 1.89989 4.37345 1.6157013267948965 143
1 15.7774 -17.3841 1.10874 1.55279 1.8867 4.28017 1.5926400267948966 137
1 12.8007 -5.38199 1.00757 1.55935 1.84206 4.25978 1.6163627267948966 94
1 28.352 -10.1274 1.67883 1.95656 1.77437 3.91349 1.5416697267948967 97
1 -3.19702 64.4336 0.334259 1.45755 2.14248 4.17446 3.2427863267948966 16
1 -4.16888 -54.0013 0.911978 1.70699 1.84796 4.30971 3.2006963267948967 150
1 0.491793 70.6581 0.39213 1.5806 1.97222 4.26646 -0.00032367320510351405 14
4 4.49538 35.186 0.623534 1.50005 0.671034 1.71059 -0.02863367320510335 31
2 10.1021 43.226 1.20023 2.54005 2.79619 6.04755 -1.4511236732051036 151
1 -4.25614 1.40558 0.719391 1.48774 2.6193 6.19538 3.1325663267948967 60
1 16.4072 33.9824 0.941143 1.52993 1.87354 4.31492 1.5761188467948966 112
1 15.9392 -23.259 1.35694 1.82191 2.01072 4.24699 1.6059576267948965 152
1 17.5825 44.6292 1.26638 1.57766 1.90291 4.33423 4.667356326794897 69
1 21.9605 -9.8878 1.40233 1.78635 1.84812 5.03685 1.6109564267948966 153
4 2.3786 38.4683 0.64522 1.5442 0.667066 1.7094 0.17364632679489667 24
5 17.111 3.13358 1.26503 1.82668 1.1606 3.03287 -1.4773636732051036 154
1 15.6133 39.5691 0.895267 1.55684 1.91173 4.42146 1.6102990267948964 90
2 11.7658 -52.3199 1.53867 2.64181 2.67333 7.52431 2.9453163267948965 155
4 -8.5847 35.888 0.2906 1.57634 0.699098 1.71781 3.1281463267948966 156
1 17.3884 50.4727 1.08553 1.5648 1.81536 4.32407 -1.5485836732051035 10
4 -7.23606 33.2456 0.384114 1.53873 0.572921 1.71476 3.2563363267948966 157
2 10.4844 50.229 0.950783 2.29283 2.50747 6.07079 -1.5203436732051037 142
2 10.942 56.2884 0.777724 1.80344 2.25254 6.01303 -1.5153436732051033 121
1 16.3796 -26.2997 1.23361 1.57526 1.88586 4.24699 1.6059576267948965 158
8 13.7147 -35.1137 0.636421 0.732282 0.392413 0.397098 3.1793063267948964 123
8 13.5269 -36.1301 0.636421 0.732282 0.392413 0.397098 3.1793063267948964 124
8 13.5381 -38.0709 0.636421 0.732282 0.392413 0.397098 3.1793063267948964 144
8 13.6556 -46.6216 0.636421 0.732282 0.392413 0.397098 3.1793063267948964 159
5 31.8265 20.8591 1.24098 1.03711 0.859195 2.165 0.5277363267948965 146
5 30.2883 12.9703 1.22445 1.08777 0.877837 2.32929 1.7015333267948964 160
4 30.9216 9.23758 1.28034 1.22822 0.701037 1.64386 1.5738959767948966 161
4 30.35 7.48869 1.28034 1.22822 0.741614 1.64386 1.5738959767948966 162
1 13.0473 31.6742 0.896993 1.48126 2.24883 4.34351 1.5790928167948965 111
2 10.7458 61.7288 0.854912 1.94763 2.26706 6.0129 -1.5496636732051035 101
1 14.7122 36.6166 0.83691 1.47159 1.87223 4.378 1.6000389267948965 88
