1 -36.7700 8.8425 1.2845 1.6765 1.9402 4.3380 0.9187 0.9129
1 -37.7884 -1.1961 1.1700 1.4719 1.9620 4.7016 0.8713 0.9128
1 -12.9030 -5.6013 1.0282 1.6437 1.9185 4.3062 3.1775 0.9111
1 -35.7052 4.9241 1.1597 1.5559 2.0111 4.7370 0.9425 0.9050
1 -32.4796 42.5449 0.5670 1.6780 2.1193 4.3988 2.2771 0.9010
1 -7.0108 -6.6184 1.0433 1.7414 2.1754 4.5823 -0.0139 0.8997
1 -14.1084 32.5961 0.8706 1.6791 1.9712 4.6212 0.6140 0.8985
1 -36.4399 -5.0965 1.2466 1.5257 1.9408 4.3265 1.0179 0.8608
1 -23.8366 44.4423 0.5350 1.5249 1.8623 4.3787 3.4819 0.8546
4 -8.8243 20.6150 0.9351 1.7045 0.7022 1.9506 3.5486 0.8346
1 -16.5061 -22.2410 1.4085 1.7628 1.9683 4.6491 3.1341 0.8309
4 6.5000 4.4328 0.6456 1.5418 0.6747 1.6273 0.0490 0.8196
4 -30.5716 4.4221 1.1572 1.6004 0.7593 1.7268 0.1403 0.8172
6 8.8221 -27.7566 0.9688 1.6926 0.6226 0.5430 3.1180 0.8150
1 -6.5048 -20.0991 0.8949 1.5461 1.8530 4.2501 0.0496 0.8149
4 -33.9555 38.3358 0.6599 1.6065 0.7475 1.7327 2.3510 0.8136
1 -3.3023 -17.9100 0.8950 1.6242 1.8874 4.2688 0.0387 0.8120
1 -3.2804 -11.1419 0.8554 1.6105 1.9555 4.3321 0.0372 0.8088
3 -42.9769 -0.1639 1.8874 3.0203 2.7289 8.0938 0.9376 0.8086
6 7.6435 -26.8102 1.0019 1.6823 0.6905 0.5735 3.0845 0.7993
4 -1.7403 7.8192 0.8117 1.6357 0.7661 2.1590 -1.3037 0.7953
4 9.2165 8.8075 0.6060 1.0925 0.5738 1.5219 -0.0781 0.7815
4 7.5476 14.1498 0.6098 1.5164 0.7962 1.5837 0.3094 0.7771
1 -0.1279 -5.8299 0.8204 1.4853 2.0303 4.3379 0.0281 0.7686
3 -46.4389 -7.5709 2.1864 3.5032 3.0483 11.1821 0.9736 0.7677
1 -42.3705 22.1696 0.9657 1.5704 1.9650 4.5413 3.9924 0.7670
4 -31.9326 -22.4579 1.1279 1.0783 0.4957 1.6372 3.6113 0.7636
4 4.2479 7.0452 0.7704 1.5633 0.6745 1.6020 -0.0699 0.7567
6 -29.8439 -5.1957 1.3090 1.7876 0.6783 0.6227 -1.4119 0.7505
1 0.0625 -19.7898 0.8370 1.5195 1.9317 4.3665 0.0328 0.7479
6 -28.8625 44.8444 0.6431 1.7188 0.6880 0.5808 -0.1744 0.7375
1 -3.3838 -4.4750 0.9897 1.7815 2.2196 4.5315 -0.0130 0.7355
4 -26.9939 -20.6031 1.1297 1.5586 0.6623 1.7803 2.2142 0.7287
6 -31.8461 -7.0709 1.2500 1.7059 0.5948 0.5176 4.6230 0.7183
4 7.8137 18.4346 0.5361 1.5455 0.6223 1.6741 0.4074 0.7138
4 5.4453 13.8643 0.6503 1.5511 0.6824 1.5712 0.2643 0.7025
1 -7.2527 46.0868 0.5007 1.5373 1.9419 4.4922 0.4750 0.6969
3 -46.8933 28.6728 1.4221 2.8056 2.4936 7.2691 4.0811 0.6870
6 9.3723 -17.3794 1.0727 1.7346 0.7085 0.6046 -0.1100 0.6801
4 8.8059 17.5145 0.5601 1.5225 0.7080 1.5601 0.1701 0.6790
6 -31.8174 -19.1690 1.2657 1.6523 0.6232 0.5608 -1.5579 0.6770
6 -35.4194 -21.0915 1.3658 1.5857 0.5971 0.5726 4.6151 0.6747
1 -0.2802 -13.1849 0.8578 1.6183 2.0906 4.2601 0.0133 0.6662
1 -0.0519 -31.5513 1.0980 1.7655 2.1014 4.4360 0.0639 0.6631
5 12.2517 22.7757 0.5006 1.5511 1.3620 2.7575 0.7596 0.6593
6 8.8535 -32.6448 1.1307 1.7514 0.6840 0.5651 -0.0702 0.6572
1 -6.6748 -26.5687 0.9373 1.5244 1.8453 4.2170 0.0025 0.6562
4 6.8348 19.9424 0.5393 1.5216 0.6715 1.7065 0.2458 0.6555
6 -29.0662 46.0430 0.5185 1.7209 0.6294 0.5647 -0.3099 0.6516
4 16.1979 25.2425 0.4546 1.4965 0.6444 1.5741 0.2563 0.6415
4 6.2866 -36.7082 0.9048 1.5147 0.7157 1.6838 -0.1246 0.6369
4 -28.2419 46.4762 0.4822 1.6101 0.6595 1.6616 2.9599 0.6344
1 -3.2951 -38.0756 0.9562 1.5335 1.8077 4.2409 -0.0442 0.6335
4 6.0784 16.1778 0.6853 1.6174 0.5646 1.6977 0.0906 0.6238
4 29.9768 39.7875 0.1347 1.5861 0.7105 1.7263 4.3050 0.6206
4 -27.2277 46.5223 0.4790 1.5231 0.6516 1.6850 3.3817 0.6187
1 -3.4454 -44.3628 1.2961 1.6395 1.8714 4.3456 -0.0487 0.6183
4 5.8228 -29.1657 0.9248 1.5638 0.6989 1.5973 0.0308 0.6162
4 4.8922 15.5121 0.6145 1.4958 0.9480 1.8671 0.1929 0.6118
1 -6.6666 -13.6809 1.1620 1.8570 1.9354 4.2325 0.0250 0.6063
4 16.1671 22.5024 0.3548 1.1196 0.5207 1.4796 2.5430 0.6046
4 7.2771 16.0354 0.5707 1.6044 0.7179 1.1692 0.1529 0.5950
1 -7.0077 -34.9664 1.1246 1.5251 1.8178 4.1882 0.0038 0.5879
4 -36.3730 40.1704 0.4499 1.5753 0.6390 1.6276 2.0672 0.5856
5 -35.7751 -10.4180 1.1836 1.5000 1.2891 2.7207 0.8326 0.5829
6 -30.1792 -22.0116 1.4014 1.6809 0.6590 0.5597 0.1586 0.5755
4 8.4339 -17.4518 1.0110 1.6399 0.7209 1.6744 -0.1324 0.5705
6 -28.9303 -21.5049 1.2643 1.6038 0.5616 0.5094 0.0749 0.5696
6 -26.1824 -46.9055 1.3930 1.6481 0.6403 0.5644 3.4659 0.5691
4 5.4806 20.4763 0.5958 1.5057 0.9062 1.7666 0.4411 0.5644
2 -3.4323 -25.6455 1.7495 3.3614 2.9372 6.6935 0.0157 0.5574
4 16.9830 23.3096 0.3096 1.0953 0.5613 1.5872 2.4072 0.5557
4 25.0516 29.5865 0.2284 1.0670 0.5318 1.4526 2.7121 0.5534
6 -26.8867 -46.5517 1.5147 1.6883 0.6520 0.6071 3.4810 0.5501
4 -38.6718 -21.6777 1.2368 1.1229 0.5815 1.6987 3.0870 0.5473
4 -37.9018 44.1986 0.5392 1.3780 0.6182 1.6990 1.9963 0.5128
4 26.1267 30.1637 0.2099 1.0467 0.5079 1.5266 2.6750 0.5055
6 38.7720 49.4172 0.1121 1.6402 0.6106 0.5033 0.8062 0.5044
1 -0.6859 -45.3971 1.1702 1.5125 1.8318 4.2239 -0.0536 0.5006
6 -37.5611 37.2598 0.7180 1.7254 0.6885 0.5661 3.1122 0.4838
6 39.6142 48.3464 0.1112 1.6886 0.7626 0.7067 1.0995 0.4741
6 -45.7363 47.4276 0.6770 1.6414 0.6025 0.4926 -0.9963 0.4651
4 -34.7214 -7.8004 1.2904 1.5266 0.6665 1.9023 0.7637 0.4546
4 5.4813 17.5683 0.6096 1.6436 0.5966 0.7878 0.1629 0.4541
4 -23.6935 -27.1606 1.3089 1.6096 0.6318 0.7363 1.6937 0.4417
4 -36.8605 39.2943 0.5255 1.5961 0.7720 1.7131 2.3864 0.4332
6 9.2926 -45.7511 1.0270 1.5857 0.5924 0.6942 -0.0592 0.4234
4 19.3999 24.3708 0.3403 1.1135 0.5791 1.4802 2.1734 0.4144
6 -30.0388 48.4850 0.2882 1.6301 0.6057 0.5440 1.5068 0.4099
1 -0.3227 -39.5036 1.0245 1.5057 1.8487 4.3775 -0.1007 0.4015
1 -48.8952 4.1385 1.3131 1.5366 1.8504 4.2073 0.9166 0.3992
6 -29.1991 48.7764 0.2293 1.6222 0.6053 0.5608 1.5600 0.3837
4 27.6424 30.9834 0.3241 1.0542 0.5591 1.5947 2.8497 0.3454
1 -16.5901 -33.5116 1.2705 1.5326 1.8333 4.2174 3.0730 0.3225
6 -40.9303 34.7255 0.7875 1.7153 0.6518 0.5792 3.7454 0.3137
6 -47.0069 47.3211 0.5188 1.5971 0.5752 0.5376 -0.6202 0.3125
6 -28.0142 49.8615 0.4394 1.7374 0.5837 0.5262 3.0049 0.3078
6 8.1403 -27.7482 1.0731 1.6708 0.6645 0.6680 3.0417 0.2513
1 -3.1711 -31.4930 1.0159 1.5660 1.8221 4.2435 -0.0745 0.2470
1 -44.0649 12.2845 0.6227 1.4786 1.8211 4.2009 4.6933 0.2455
6 9.9795 -32.8273 0.8856 1.5293 0.6154 0.5944 -0.0702 0.2418
6 -44.7548 -28.6246 1.6923 1.6209 0.6592 0.6192 1.4227 0.2239
6 -44.3383 -27.6459 1.3754 1.5026 0.5611 0.5211 2.8950 0.2229
1 -49.8712 -15.1865 1.2814 1.5735 1.7511 4.0873 0.5488 0.2109
1 -8.0062 -41.0754 0.9668 1.5121 1.8171 4.3376 -0.1350 0.1867
1 -49.7751 8.4479 1.0699 1.5127 1.8859 4.1665 0.5633 0.1866
6 34.7381 45.0568 0.3523 1.7045 0.7875 0.7578 0.9111 0.1827
4 11.2041 -49.8183 0.7591 1.2638 0.6042 1.6470 1.7498 0.1803
1 -2.2364 -49.7846 0.8875 1.4975 1.7773 4.0347 -0.1212 0.1698
1 -46.5334 -16.1827 1.0207 1.4710 1.8947 4.4285 0.9482 0.1682
6 -27.7867 -41.5483 1.4085 1.6409 0.5884 0.5666 4.2650 0.1668
