1 -30.5321 -2.5268 1.1485 1.5434 1.9858 4.3400 1.2024 0.9075
1 -7.0143 -6.6186 1.0278 1.7631 2.2048 4.5826 -0.0203 0.8994
1 -35.7340 4.8803 1.1899 1.5649 2.0341 4.7947 0.9243 0.8839
1 -32.4270 42.5580 0.5634 1.6797 2.0369 4.4065 2.2750 0.8799
1 -44.0319 -10.2375 1.3937 1.5012 1.8707 4.2929 0.9045 0.8789
4 7.8353 -14.3496 0.9289 1.6375 0.8175 1.6947 -0.0971 0.8556
1 -39.8061 12.8224 1.1682 1.5162 1.8705 4.3486 0.4818 0.8473
1 -6.5015 -20.0703 0.8925 1.5970 1.8684 4.2992 0.0470 0.8417
1 -37.6500 -1.0858 1.1716 1.4834 1.9262 4.3767 0.8898 0.8379
4 -30.7080 6.4859 1.1487 1.5825 0.6394 1.6679 -0.0803 0.8343
4 6.0214 -21.9076 0.9240 1.6170 0.6800 1.6827 0.0533 0.8332
4 6.5302 4.4353 0.6421 1.5296 0.7525 1.6748 0.0385 0.8199
3 -42.9888 -0.1447 1.9058 3.0478 2.7490 8.0327 0.9382 0.8190
6 9.1736 -14.5904 1.0547 1.7251 0.7121 0.6082 0.0120 0.8184
1 -3.2633 -11.1303 0.8628 1.6073 1.9176 4.2784 -0.0009 0.8035
1 -0.1283 -5.8394 0.8283 1.4943 2.0599 4.3712 0.0278 0.7978
4 -32.9040 -6.4191 1.2781 1.6554 0.6855 1.7375 0.9630 0.7945
4 9.2191 8.8088 0.6261 1.0919 0.5569 1.5195 -0.0794 0.7929
4 7.5475 14.1609 0.6158 1.5095 0.7589 1.5650 0.2725 0.7804
1 -3.3081 -17.8954 0.8827 1.6047 1.8409 4.2533 0.0198 0.7803
1 -21.9280 49.3615 0.5492 1.6554 1.9941 4.5210 3.3748 0.7753
6 -31.8486 -7.1044 1.2910 1.6977 0.5885 0.5001 4.6708 0.7694
1 0.0554 -19.8005 0.8462 1.5211 1.9216 4.3386 0.0244 0.7559
4 1.9674 9.6798 0.6938 1.5819 0.8040 1.8593 -1.4645 0.7461
1 -37.0690 9.0337 1.3200 1.7453 2.0337 4.7416 0.9286 0.7449
1 -21.7209 22.6632 1.0969 1.7214 2.0312 4.5189 0.7672 0.7443
6 -27.8494 49.1519 0.4414 1.6453 0.6523 0.5867 2.9680 0.7403
6 -28.8675 44.8369 0.6334 1.7290 0.7038 0.6142 -0.2906 0.7349
1 -3.3837 -4.4727 0.9879 1.7938 2.2281 4.5221 -0.0119 0.7335
4 -13.8900 8.2375 0.9942 1.6332 0.7095 1.9517 3.5209 0.7307
1 -33.4969 -46.8894 1.6047 1.5465 1.8625 4.3390 -1.3313 0.7233
1 -6.6723 -26.6024 0.9205 1.5211 1.8539 4.2409 -0.0475 0.7213
1 -27.5836 32.5831 0.6960 1.5148 1.8714 4.3313 3.8211 0.7013
4 -9.2918 8.4008 0.8866 1.5681 0.7845 2.1148 -1.4715 0.6975
1 -0.0670 -31.4983 1.1215 1.7960 2.1006 4.4285 0.0881 0.6949
6 -29.0645 46.0624 0.4974 1.7298 0.6341 0.5495 2.7762 0.6944
6 -29.8447 -5.1814 1.2755 1.7574 0.6634 0.6305 -1.4419 0.6931
4 5.4482 13.8598 0.6413 1.5709 0.6725 1.5917 0.2341 0.6883
1 -3.4553 -44.4200 1.3226 1.6767 1.8893 4.3339 -0.0517 0.6751
1 -0.2432 -13.1902 0.8582 1.6316 2.1070 4.2779 -0.0066 0.6719
4 6.8385 19.9527 0.5412 1.5234 0.6720 1.6950 0.2468 0.6706
6 -26.1103 48.7790 0.4486 1.6539 0.6717 0.5599 2.9684 0.6659
4 7.2663 16.0866 0.6202 1.6059 0.7421 1.5698 0.1687 0.6654
4 8.7884 17.5015 0.5860 1.5394 0.6930 1.5695 0.1698 0.6645
4 16.2135 25.2507 0.4451 1.5064 0.6525 1.5733 0.2941 0.6621
1 -12.7999 -25.2675 1.1434 1.5298 1.8530 4.2816 3.0650 0.6588
4 7.7931 18.5991 0.5565 1.5384 0.6074 1.6317 0.3628 0.6568
6 -31.8120 -19.1371 1.2007 1.6372 0.6253 0.5712 4.6900 0.6506
6 7.6390 -29.1133 1.0160 1.6292 0.6075 0.5478 3.0712 0.6468
3 -46.9034 28.6826 1.3938 2.7900 2.5098 7.4485 4.0931 0.6425
4 4.8744 15.2971 0.6200 1.5156 0.8287 1.7556 0.1627 0.6415
4 6.0451 16.1658 0.6753 1.6020 0.5528 1.6864 0.1226 0.6365
5 12.2398 22.8088 0.5257 1.5442 1.2786 2.7238 0.7694 0.6259
1 -3.3218 -37.8739 0.9526 1.4999 1.7749 4.1337 -0.0479 0.6212
4 16.1635 22.4886 0.3664 1.1102 0.4983 1.4685 2.5027 0.6170
6 9.2817 -42.1684 1.0128 1.6352 0.6217 0.6194 -0.0149 0.6105
1 -6.9540 -35.4494 1.1229 1.5180 1.8324 4.2081 -0.1158 0.6096
6 -25.7708 -44.5197 1.4715 1.7261 0.6810 0.6258 3.6261 0.6053
4 6.1894 -31.3892 0.8668 1.5354 0.6696 1.7166 0.0991 0.6018
1 -6.6674 -14.1840 1.2011 1.8343 1.9495 4.2853 0.0332 0.5993
4 5.4984 20.5324 0.5774 1.4999 0.8874 1.7447 0.4899 0.5817
2 -3.4451 -25.3448 1.6733 3.4882 2.9641 6.3381 0.0171 0.5759
1 -45.9658 5.6561 1.6246 1.7367 2.0752 4.8588 0.8255 0.5754
6 38.7274 49.4157 0.1358 1.6172 0.5672 0.4757 0.7717 0.5659
6 -35.4338 -21.0839 1.3816 1.5905 0.5671 0.5502 3.8969 0.5634
4 -38.6907 -21.6833 1.1761 1.1377 0.5910 1.7094 3.1303 0.5586
4 -28.2776 46.4857 0.4331 1.6098 0.6384 1.2982 2.9427 0.5578
6 8.7564 -29.9808 1.0226 1.6298 0.6138 0.6002 -0.2389 0.5531
4 16.9733 23.2739 0.3268 1.1053 0.5483 1.6034 2.4463 0.5390
4 -46.2337 36.7478 0.5391 1.5586 0.8421 1.7872 4.0208 0.5363
1 -16.7059 -33.5035 1.4392 1.6888 1.8674 4.3070 3.1019 0.5327
4 25.0428 29.5792 0.1948 1.0683 0.5245 1.4223 2.7224 0.5301
6 -26.4124 -44.1041 1.5292 1.6709 0.6571 0.5748 3.3347 0.5272
6 -24.4735 -34.3615 1.4105 1.6971 0.6176 0.5158 3.2297 0.5059
6 9.4486 -29.9174 1.0142 1.6017 0.7038 0.6520 -0.1444 0.5055
4 -27.1426 46.7502 0.4294 1.6063 0.6292 1.1033 3.1752 0.5040
6 -30.2063 -19.6021 1.0683 1.6062 0.6245 0.5665 0.6597 0.5007
4 -26.7078 48.3525 0.4085 1.5796 0.6169 1.0791 2.9245 0.4969
4 -21.4478 -28.6466 1.0996 1.5633 0.6338 1.6325 2.8426 0.4923
6 10.1756 -49.3503 0.9035 1.6111 0.5589 0.4767 0.0222 0.4902
4 -23.6864 -27.1136 1.3634 1.6337 0.6469 0.7953 -0.1235 0.4874
4 26.0836 30.4137 0.2322 1.0262 0.5144 1.4898 2.6585 0.4831
6 -29.9964 48.5055 0.2914 1.6530 0.6102 0.5294 2.7832 0.4646
6 -40.9591 34.7220 0.8732 1.7277 0.6943 0.6133 3.4493 0.4632
6 39.4024 48.0140 0.1347 1.6687 0.5865 0.5076 0.9653 0.4592
1 -0.6903 -45.4432 1.1965 1.5194 1.8492 4.2413 0.0170 0.4536
6 -33.9943 38.2995 0.7125 1.6253 0.5824 0.5604 2.6541 0.4419
1 -36.6519 -10.8720 1.2611 1.4878 1.7969 4.1416 0.8566 0.4375
5 -26.5979 -18.6041 1.4188 2.3267 1.7389 3.5389 -0.3296 0.4361
1 -0.3287 -39.5054 1.0259 1.5101 1.8597 4.3937 -0.0848 0.4260
1 -16.9722 -42.3593 1.2789 1.5810 1.9088 4.4399 3.1629 0.4246
4 19.3952 24.3816 0.4005 1.1474 0.5796 1.4968 2.2112 0.4233
6 -29.2043 48.7268 0.2190 1.7052 0.5963 0.5247 2.9641 0.4212
4 17.4926 23.6085 0.3391 1.1190 0.5389 1.6185 2.4983 0.4074
4 5.4774 17.6166 0.6724 1.6471 0.5690 0.6671 0.2041 0.4000
4 27.5542 31.0383 0.2561 1.0509 0.5743 1.6640 2.7045 0.3992
3 -46.0471 -7.3949 2.1993 3.3973 2.9292 10.1938 0.9439 0.3838
4 -24.9244 49.8364 0.2835 1.5537 0.7102 1.4482 3.1924 0.3802
6 -30.6934 46.9911 0.0255 1.7392 0.5753 0.5552 2.8445 0.3112
6 -36.4211 40.3102 0.5869 1.6062 0.5899 0.6455 2.0500 0.2888
6 -20.9296 -45.0951 1.5521 1.6665 0.5872 0.5617 2.9303 0.2852
6 -31.1455 33.5619 0.7677 1.6112 0.6028 0.7261 3.4270 0.2844
1 -34.3482 -49.3133 1.6524 1.6073 1.8784 4.3648 1.9343 0.2444
6 -44.3381 -27.6648 1.2806 1.5049 0.5611 0.5047 3.6483 0.2123
1 -8.3944 -41.5296 1.0300 1.5221 1.8457 4.3485 -0.0897 0.2085
6 -29.1048 46.8037 0.2796 1.5789 0.6290 0.7795 2.8273 0.2063
4 23.1721 34.9309 0.3474 1.5388 0.6888 1.5235 2.4329 0.1961
1 -35.3111 49.8207 -0.0533 1.5091 1.7787 4.0325 2.0166 0.1932
1 -2.5247 -49.3233 0.9097 1.5048 1.8556 4.2854 -0.0710 0.1901
