1 -15.7676 29.6366 0.9087 1.7420 1.9060 4.2899 0.6696 0.9128
1 -35.7311 24.7171 0.8794 1.4727 1.9018 4.6469 4.0266 0.9125
1 -30.8888 14.1206 1.2108 1.7183 2.0124 4.6918 0.9162 0.9084
1 -32.4894 42.5317 0.5777 1.7056 2.0669 4.3672 2.2567 0.8990
1 -7.0065 -6.6283 1.0273 1.7558 2.1882 4.6009 -0.0225 0.8845
1 -35.7930 4.8947 1.1998 1.5441 2.0039 4.8010 0.8756 0.8783
1 -37.6282 -1.1067 1.1712 1.4788 1.9316 4.4227 0.8434 0.8589
1 -6.5179 -20.0436 0.8837 1.5761 1.8650 4.3360 0.0316 0.8511
1 -3.2835 -11.1598 0.8583 1.6030 1.9672 4.3713 0.0356 0.8357
4 6.4932 4.6424 0.6770 1.5713 0.6644 1.6191 0.0952 0.8354
6 8.9005 -13.3365 1.0407 1.7988 0.7551 0.6975 0.0973 0.8190
6 7.8816 -30.1164 1.0060 1.6957 0.6640 0.5819 3.1501 0.8117
4 9.2199 8.8012 0.6144 1.0953 0.5564 1.5070 -0.0905 0.8041
4 -33.9613 38.3119 0.6956 1.6636 0.7943 1.8299 2.2134 0.7986
1 -0.1401 -5.8332 0.8287 1.4882 2.0298 4.3499 0.0328 0.7808
1 -28.2858 -2.3287 1.1225 1.5947 2.0196 4.3168 1.4892 0.7780
3 -42.9866 -0.1398 1.9066 3.0598 2.7684 8.0266 0.9446 0.7738
6 -31.8574 -7.0741 1.2972 1.7051 0.6022 0.5253 -1.3799 0.7733
1 -3.3101 -17.8889 0.8913 1.6151 1.8626 4.2585 0.0261 0.7724
4 -15.6682 3.0264 1.0691 1.6953 0.7623 2.4970 3.4098 0.7706
4 7.5555 14.1428 0.6050 1.4971 0.7741 1.5485 0.2967 0.7661
1 0.0595 -19.8024 0.8485 1.5189 1.9329 4.3398 0.0161 0.7586
6 -29.8534 -5.1683 1.3655 1.7860 0.6923 0.6205 -1.4262 0.7570
1 -39.7714 13.6751 1.1201 1.4852 1.8196 4.1774 0.2726 0.7557
4 20.4795 32.7913 0.3720 1.6022 0.7595 1.7351 4.0142 0.7533
1 -3.3870 -4.4545 0.9852 1.7832 2.2288 4.4908 -0.0097 0.7416
6 8.8336 -31.0570 1.0749 1.7170 0.6872 0.6406 2.8947 0.7374
1 -42.0537 -8.6014 1.3551 1.5292 1.8904 4.2373 0.9413 0.7356
4 5.9947 -19.3478 0.9188 1.6649 0.6717 1.6993 0.0416 0.7323
1 -6.6808 -26.1977 0.9476 1.5476 1.8508 4.2699 -0.0231 0.7321
5 12.2395 22.8012 0.4739 1.5366 1.2906 2.8632 0.7627 0.7313
6 9.2643 -28.7207 1.0567 1.6622 0.7676 0.6530 0.0512 0.7280
4 7.7365 -13.0777 0.9484 1.7094 0.7543 1.7054 0.0951 0.7225
6 -31.8117 -19.1525 1.2210 1.6570 0.5885 0.5333 4.5118 0.7203
1 -12.5319 -33.5070 1.1531 1.5505 1.8948 4.3247 3.0615 0.7197
4 7.2919 16.0655 0.6153 1.5853 0.7151 1.5860 0.1910 0.7191
6 -28.7424 44.8555 0.6216 1.6365 0.7024 0.5827 -0.4991 0.7144
4 -32.5397 -5.5391 1.1293 1.3652 0.7301 1.9658 0.3983 0.7136
1 -0.0734 -31.5183 1.1133 1.7905 2.1104 4.4510 0.0890 0.7123
4 5.4461 13.8617 0.6216 1.5377 0.6728 1.5565 0.2507 0.7113
1 -41.9255 8.5989 1.4938 1.7673 2.0553 4.7843 0.9532 0.7059
4 16.2243 25.2460 0.4207 1.5105 0.6536 1.5815 0.3483 0.6975
4 6.8815 19.9265 0.5415 1.5308 0.6227 1.7071 0.3391 0.6969
1 -38.0447 27.9892 0.9241 1.5562 1.8663 4.3252 4.0395 0.6931
1 -0.2469 -13.2091 0.8735 1.6155 2.0889 4.2528 0.0036 0.6929
4 -20.6434 -32.6237 1.1042 1.5467 0.6393 1.7091 2.9672 0.6816
4 -12.8702 8.3633 0.9022 1.6370 0.7884 2.1623 4.6247 0.6753
3 -46.4612 -7.5817 2.1189 3.5748 3.0613 11.4750 0.9616 0.6724
4 8.8320 17.4876 0.5645 1.5304 0.7091 1.5832 0.1876 0.6698
1 -16.6241 -35.6948 1.4512 1.6325 1.8523 4.3125 3.1164 0.6646
1 -3.4536 -44.4114 1.3485 1.6558 1.8956 4.3433 -0.0389 0.6637
4 -30.7280 6.5974 1.1574 1.6061 0.6513 1.6973 -0.0804 0.6635
4 -31.9407 -22.4525 1.1415 1.0763 0.5207 1.7743 3.6171 0.6625
1 -33.5013 -46.8556 1.5688 1.5689 1.8320 4.2754 -1.0783 0.6468
4 6.0706 16.1729 0.7002 1.6230 0.5909 1.6602 0.0786 0.6451
4 6.2859 -29.4386 0.8394 1.5087 0.7597 1.7280 0.0602 0.6443
1 -6.9866 -34.9471 1.1391 1.5279 1.8168 4.1846 -0.0706 0.6232
1 -3.3187 -37.8625 0.9593 1.5046 1.7798 4.1173 -0.0588 0.6192
2 -3.4389 -25.6276 1.7376 3.4088 2.9283 6.7050 0.0148 0.6144
6 -35.4346 -21.0578 1.3473 1.5843 0.5809 0.5592 3.4044 0.6046
3 -46.9432 28.6494 1.4708 2.6402 2.4941 7.2162 1.2035 0.6004
1 -6.6664 -13.6933 1.1709 1.8392 1.9389 4.2422 0.0191 0.5945
6 -30.2154 -22.0330 1.4262 1.7058 0.6715 0.5775 0.0161 0.5870
4 4.8794 15.2886 0.6099 1.5131 0.8704 1.7435 0.1758 0.5814
4 -38.6706 -21.7297 1.1680 1.1102 0.5909 1.7403 3.0729 0.5767
6 -29.0277 46.0551 0.5444 1.6400 0.6124 0.5363 -0.6846 0.5685
4 16.1491 22.5100 0.3479 1.1133 0.5263 1.4803 2.5562 0.5635
6 -36.4576 40.1696 0.5093 1.6400 0.5879 0.5556 1.5700 0.5629
6 -27.2848 -48.8687 1.4524 1.6771 0.6172 0.5727 3.9025 0.5582
6 -25.6319 -43.4706 1.4590 1.7008 0.7594 0.6248 0.1074 0.5562
5 5.5345 20.5119 0.5876 1.5149 0.9243 1.7870 0.5163 0.5533
6 -30.1883 -18.9224 1.1852 1.6725 0.6871 0.8348 -0.2180 0.5460
6 9.2375 -40.9296 0.9651 1.6070 0.5931 0.5461 -0.0067 0.5355
6 39.6229 47.9626 0.1331 1.6901 0.6409 0.5985 0.9596 0.5352
6 38.7867 49.4160 0.0612 1.6212 0.5765 0.4983 1.0269 0.5335
4 25.0513 29.5906 0.1427 1.0803 0.5464 1.4574 2.7256 0.5245
1 -36.6257 -10.8352 1.1975 1.5099 1.8137 4.2302 4.3661 0.5167
4 -0.9398 8.5521 0.7512 1.6119 0.6984 1.8696 4.2295 0.5163
1 -44.9704 2.6501 1.2666 1.5857 1.8794 4.3231 0.8765 0.5141
4 16.9978 23.2589 0.3574 1.1029 0.5482 1.6197 2.4355 0.5114
4 7.8542 19.1095 0.5461 1.5447 0.6284 1.6997 0.2453 0.5051
6 -24.5642 -33.7139 1.4022 1.6696 0.5980 0.5575 3.2169 0.5004
6 -36.8119 39.4952 0.5509 1.6199 0.6133 0.6599 1.7667 0.4933
4 26.1040 30.1903 0.1397 1.0692 0.5272 1.5699 2.6606 0.4771
6 -23.6882 -27.1306 1.2948 1.6432 0.6628 0.7262 -0.1191 0.4702
6 -26.4086 -43.0947 1.3978 1.6931 0.6382 0.6339 0.1276 0.4646
1 -0.7108 -45.4223 1.2191 1.5139 1.8508 4.2487 0.0062 0.4595
6 -28.4383 46.5251 0.5725 1.6066 0.6137 0.6102 -0.9850 0.4480
4 5.5481 17.4825 0.6177 1.6128 0.6186 1.3864 0.0234 0.4457
6 -37.5589 37.2776 0.6549 1.6971 0.6577 0.5840 0.9243 0.4446
6 -45.7191 47.4377 0.6375 1.6068 0.6199 0.5181 -1.1160 0.4193
4 19.4088 24.3751 0.3420 1.1121 0.5804 1.4811 2.2036 0.4033
4 17.4986 23.5983 0.3605 1.1179 0.5292 1.6278 2.4958 0.3928
1 -0.3148 -39.5024 1.0416 1.5255 1.8662 4.4018 -0.0827 0.3851
6 -30.5899 47.0248 0.3016 1.5881 0.5782 0.5922 -1.5056 0.3659
6 -27.7494 -41.6091 1.3261 1.6437 0.5839 0.5866 3.0542 0.3361
6 -21.0130 -47.4847 1.5018 1.6354 0.5929 0.5635 3.1708 0.3333
4 27.2124 31.4620 0.2241 1.0669 0.5622 1.5544 2.6900 0.3259
6 -29.9182 48.4447 0.4109 1.6874 0.5894 0.5734 3.1582 0.2787
6 10.0417 -49.3659 0.9038 1.5709 0.5334 0.4878 0.0682 0.2759
6 -19.3196 -36.9391 1.5118 1.6737 0.5663 0.5256 3.0103 0.2747
4 10.2092 -36.8767 0.7946 1.3447 0.5473 1.6847 0.0071 0.2672
6 8.1397 -31.4048 1.0723 1.7629 0.6759 0.6716 -0.6546 0.2606
1 -44.0619 11.6900 0.6115 1.4619 1.8587 4.2692 1.1324 0.2361
1 -2.2611 -49.7938 0.8823 1.4731 1.7854 4.0571 -0.0796 0.2336
1 14.6939 -47.8438 1.0672 1.5286 1.8260 4.2207 1.4966 0.2297
6 34.7327 45.0445 0.3671 1.7259 0.8169 0.7780 0.8928 0.2266
6 -46.9518 47.3451 0.5013 1.6212 0.6620 0.5885 -0.5024 0.2224
6 -46.0875 -29.2925 1.9741 1.6754 0.6356 0.5497 1.9253 0.2172
4 -29.0704 46.7825 0.4087 1.4622 0.5875 1.2426 0.8132 0.2132
4 26.7343 30.9826 0.1637 1.1311 0.6016 1.5750 2.7835 0.2053
6 -16.9810 -42.4614 1.3897 1.6507 0.6848 1.0684 2.6618 0.2000
6 -23.2033 44.5982 0.7992 1.6150 0.6239 0.7385 3.1961 0.1958
6 -40.9316 34.7324 0.8898 1.6998 0.6449 0.5729 3.7375 0.1882
4 -22.6889 -33.8336 1.0845 1.2398 0.6196 1.3207 2.9528 0.1869
2 -23.3438 -22.3831 1.8831 2.7923 2.7188 7.3823 -0.4776 0.1866
6 -37.5421 39.5385 0.4532 1.6157 0.6454 0.7425 1.6430 0.1831
