1 -37.7577 -1.1654 1.1656 1.4822 1.9724 4.6321 0.8735 0.9160
1 -33.8215 11.1890 1.2508 1.6624 1.9504 4.3710 0.8964 0.9144
1 -35.3101 -4.4935 1.2088 1.5837 2.0071 4.6811 1.0691 0.9076
1 -32.4955 42.5667 0.5419 1.6635 2.1597 4.4366 2.2847 0.9026
4 -9.8435 18.1027 0.9404 1.6858 0.7319 2.0455 3.5920 0.9009
1 -46.4831 18.5774 1.0427 1.4807 1.8587 4.2578 4.0284 0.8859
1 -7.0093 -6.6272 1.0405 1.7473 2.1759 4.5973 -0.0249 0.8850
1 -35.7462 4.8850 1.1727 1.5112 1.9889 4.7554 0.9126 0.8753
1 -13.0682 -9.3514 1.1220 1.6462 1.9600 4.2850 3.1942 0.8688
1 -16.5036 -24.8130 1.3410 1.8161 2.0046 4.6966 3.1266 0.8591
4 -30.5286 5.0105 1.2047 1.5856 0.6725 1.6944 -0.0396 0.8496
1 -6.5082 -20.0884 0.8982 1.5771 1.8672 4.3126 0.0442 0.8358
4 -33.9666 38.3328 0.6642 1.6312 0.8026 1.8074 2.2242 0.8322
6 8.8112 -28.2180 0.9981 1.6629 0.6542 0.5913 3.0944 0.8209
6 7.6360 -27.2242 0.9891 1.6524 0.7304 0.7278 3.1340 0.8202
3 -42.9929 -0.1553 1.9349 3.0613 2.7652 8.1169 0.9367 0.8103
4 6.4930 4.4268 0.6421 1.5213 0.6649 1.6333 0.0499 0.8074
1 -3.2976 -17.8930 0.8894 1.5834 1.8686 4.2391 0.0315 0.8067
1 -0.1229 -5.8382 0.8256 1.4876 2.0409 4.3459 0.0314 0.7979
4 9.2147 8.8111 0.6246 1.1007 0.5731 1.5409 -0.0755 0.7935
1 -3.2562 -11.1215 0.8739 1.6002 1.9135 4.2597 0.0028 0.7868
1 -45.1286 7.0133 1.2847 1.5281 1.8591 4.2162 0.9421 0.7738
1 0.0716 -19.7945 0.8509 1.5192 1.9241 4.3424 0.0378 0.7719
1 -11.5075 36.6793 0.7660 1.7162 1.9314 4.5154 0.5259 0.7576
1 -24.9223 42.2315 0.5435 1.5306 1.8786 4.3443 3.5528 0.7477
1 -3.3836 -4.4769 0.9892 1.7884 2.2320 4.5349 -0.0119 0.7394
6 -31.8262 -7.1096 1.2825 1.7243 0.5909 0.5211 -1.4850 0.7380
6 -29.8561 -5.1768 1.3276 1.8049 0.6720 0.6020 -1.2131 0.7359
1 -20.5009 48.1558 0.3703 1.5033 1.9303 4.5850 3.2726 0.7324
6 9.3621 -16.7756 1.1073 1.7713 0.6439 0.5359 -0.0829 0.7192
4 7.8231 18.4304 0.5171 1.5293 0.6267 1.6721 0.4259 0.7162
4 5.4547 13.8612 0.6272 1.5551 0.6852 1.5479 0.2720 0.7145
1 -0.0732 -31.5439 1.1177 1.7777 2.0966 4.4399 0.0586 0.7104
1 -6.6845 -26.2453 0.9339 1.5366 1.8372 4.2587 -0.0379 0.7038
5 12.2446 22.8003 0.5168 1.5037 1.2717 2.6911 0.7477 0.6903
3 -46.9263 28.6817 1.4044 2.8416 2.5546 7.8602 4.0910 0.6871
4 5.8434 -27.6821 0.9184 1.5832 0.7065 1.6882 0.0653 0.6846
4 8.3966 -16.7128 0.9974 1.6016 0.6582 1.6102 0.0265 0.6807
1 -0.2352 -13.1703 0.8650 1.6506 2.1055 4.2878 -0.0032 0.6672
4 16.2207 25.2276 0.4274 1.5174 0.6514 1.5821 0.3299 0.6646
6 -28.9030 44.8421 0.6556 1.6509 0.6898 0.5848 -0.1162 0.6621
4 8.8206 17.5092 0.5668 1.5317 0.7240 1.5678 0.2003 0.6530
4 -25.5735 -21.8647 1.1422 1.5503 0.6618 1.7171 2.3398 0.6495
1 -3.4564 -44.4402 1.3380 1.6331 1.8614 4.2619 -0.0391 0.6478
4 7.2840 16.0532 0.5969 1.5858 0.7339 1.4354 0.1896 0.6432
6 -31.8104 -19.1587 1.2575 1.6792 0.5846 0.5239 4.6886 0.6429
4 7.5083 14.1667 0.6126 1.4999 0.6487 1.5217 0.2055 0.6415
4 -3.1181 8.0381 0.8253 1.5994 0.7786 2.0999 -1.4295 0.6411
1 -3.3077 -37.8765 0.9719 1.5127 1.7844 4.1192 -0.0570 0.6407
1 -49.1294 -13.8932 1.4381 1.5976 1.9550 4.4026 0.9965 0.6371
1 -6.6620 -13.6839 1.1808 1.8466 1.9174 4.2223 0.0215 0.6359
4 4.3525 8.1262 0.7214 1.5918 0.7691 1.7594 0.0447 0.6301
4 28.5595 38.8084 0.2699 1.6147 0.6569 1.6855 4.2938 0.6279
4 6.8672 19.9214 0.5091 1.5014 0.6656 1.7296 0.2873 0.6156
2 -3.4397 -25.6261 1.7390 3.3657 2.9133 6.6958 0.0235 0.6127
4 6.2150 -35.4473 0.8690 1.5081 0.7313 1.6271 0.0095 0.6102
4 4.8828 15.3145 0.6206 1.5181 0.8624 1.7725 0.1624 0.6095
4 6.0530 16.1713 0.6780 1.5893 0.5536 1.7178 0.0737 0.5995
4 16.1562 22.5002 0.3397 1.1038 0.5131 1.4901 2.5043 0.5946
6 8.8076 -32.1044 1.0889 1.6494 0.5806 0.5206 -0.1213 0.5813
6 -28.9820 46.0446 0.5872 1.6304 0.5615 0.5209 -1.4469 0.5809
6 -35.4596 -21.0931 1.3971 1.6319 0.6005 0.5314 3.9768 0.5782
4 25.0511 29.5890 0.2184 1.0615 0.5272 1.4371 2.6857 0.5661
3 -46.4550 -7.5831 2.1697 3.5613 3.0888 11.4912 0.9526 0.5647
1 -6.9742 -35.4590 1.1000 1.5184 1.8217 4.1924 -0.0990 0.5638
6 -26.3055 48.7814 0.4790 1.6347 0.6453 0.5783 3.3309 0.5521
5 5.5107 20.4790 0.5867 1.5124 0.9199 1.7964 0.4278 0.5343
4 26.1147 30.2067 0.2071 1.0499 0.5197 1.5590 2.6345 0.5337
6 38.7696 49.4272 0.1108 1.6341 0.5940 0.4936 0.9415 0.5306
4 16.9799 23.2656 0.3215 1.0951 0.5538 1.5930 2.4519 0.5258
4 -34.2200 -7.3127 1.3466 1.6666 0.6592 1.8488 1.0517 0.5240
6 9.5335 -32.1561 1.0327 1.6541 0.5523 0.5098 -0.0754 0.5140
5 -35.7928 -10.4580 1.2223 1.4821 1.2907 2.7043 0.9073 0.5074
6 -45.7073 47.4534 0.6286 1.5956 0.6150 0.4986 -0.9424 0.4987
6 -39.3572 42.8346 0.5716 1.6594 0.6046 0.5223 1.3905 0.4867
6 39.6210 48.3095 0.0942 1.6983 0.7631 0.6999 1.0136 0.4793
4 -36.8484 39.5160 0.6084 1.5876 0.6823 1.6496 1.8254 0.4776
6 -37.5895 37.2840 0.7097 1.7218 0.7017 0.6028 2.7268 0.4627
1 -0.7082 -45.3843 1.2063 1.5210 1.8478 4.2577 0.0136 0.4570
1 -0.3192 -39.5185 1.0511 1.5050 1.8555 4.3693 -0.0585 0.4561
6 -29.1092 -21.3054 1.2107 1.6279 0.5949 0.5254 0.8293 0.4539
6 -26.0562 -46.4257 1.4228 1.6529 0.6672 0.5515 0.1484 0.4513
6 -26.8132 -46.0552 1.5222 1.6701 0.7335 0.5677 0.2461 0.4469
6 -44.3204 -27.6589 1.1973 1.5388 0.5517 0.5344 3.6362 0.4362
6 -44.8498 -28.5454 1.4501 1.5907 0.6091 0.5686 3.5629 0.4353
4 -23.6947 -27.1190 1.2342 1.5891 0.6895 1.0585 -0.0883 0.4239
4 19.3929 24.3801 0.3642 1.1369 0.5822 1.4998 2.1940 0.4148
4 27.5745 31.0611 0.3025 1.0551 0.5847 1.6603 2.6660 0.4142
6 -28.2863 46.5005 0.5760 1.5967 0.5545 0.5414 2.8767 0.4040
6 8.1490 -28.2973 1.0617 1.6691 0.6335 0.5736 3.0574 0.4005
4 17.5090 23.6160 0.3139 1.1124 0.5359 1.6179 2.5070 0.3973
4 5.6020 17.5935 0.5839 1.6463 0.6659 0.8214 0.0252 0.3783
4 9.2577 -45.0515 1.0517 1.5712 0.5787 0.6995 -0.0541 0.3600
4 -38.6300 -21.7855 1.1653 1.0784 0.5498 1.5809 3.1375 0.3488
4 -36.6740 40.5333 0.5662 1.5332 0.7307 1.7297 2.3601 0.3083
5 -31.9764 -15.6506 1.6530 2.1030 1.8376 3.1051 1.9500 0.3040
4 10.0528 -38.2935 0.7934 1.2000 0.6260 1.7667 -0.1128 0.2693
6 -30.1412 -21.9737 1.4139 1.6249 0.6305 0.6348 1.5163 0.2678
6 -29.9034 48.6301 0.5093 1.6386 0.5782 0.5505 3.0455 0.2652
6 -47.0139 47.4255 0.5479 1.6235 0.6087 0.5227 0.1491 0.2613
6 -43.9309 -28.4938 1.4526 1.5892 0.5984 0.5640 3.9785 0.2514
6 -46.1052 -29.2158 1.8467 1.6868 0.6325 0.5552 2.3897 0.2466
6 -43.4386 -28.0608 1.3033 1.6412 0.5567 0.5252 3.9097 0.2281
6 -40.8168 34.7935 0.8231 1.7442 0.6304 0.5458 3.9438 0.2273
6 34.7245 45.0513 0.4001 1.7468 0.8287 0.8291 0.9767 0.2152
6 -46.8196 -25.1879 1.1454 1.5819 0.5341 0.5052 4.1850 0.2150
1 -34.9007 -47.4924 1.2775 1.5521 1.8467 4.2137 3.3701 0.2141
6 -20.7354 -40.2742 1.3666 1.6727 0.5855 0.5276 3.3229 0.2109
1 -3.1404 -31.5012 1.0452 1.5478 1.8235 4.2306 -0.1049 0.2053
1 -9.4014 -41.5203 1.0921 1.5289 1.8686 4.3366 -0.1239 0.1923
1 -16.5940 -35.9756 0.9951 1.5125 1.8437 4.2387 3.0900 0.1829
1 -20.4461 -32.3515 0.7724 1.5190 1.8588 4.3325 2.9845 0.1797
1 -2.2173 -49.7886 0.8899 1.4592 1.7697 4.0131 -0.1273 0.1766
