1 -25.8517 40.2247 0.7333 1.7644 2.0430 4.7035 3.6407 0.9047
1 -32.4830 42.5424 0.5600 1.6479 2.0868 4.3392 2.2674 0.9009
1 -7.0104 -6.6227 1.0290 1.7577 2.1892 4.5880 -0.0203 0.8957
1 -35.7213 4.8979 1.1869 1.5336 2.0239 4.7562 0.9300 0.8917
1 -27.2463 -2.4804 1.0874 1.5417 2.0856 4.4752 1.6459 0.8715
1 -37.6594 -1.1090 1.1652 1.4997 1.9162 4.3594 0.8698 0.8546
1 -13.0424 33.4781 0.8477 1.7742 1.9510 4.3610 0.5776 0.8339
1 -6.5088 -20.0909 0.8862 1.5768 1.8627 4.3305 0.0485 0.8290
4 -34.0095 38.3376 0.7245 1.6471 0.7608 1.8483 2.2775 0.8208
4 6.4849 4.5702 0.6439 1.5605 0.6581 1.6223 0.0769 0.8095
6 -31.8572 -7.0966 1.3109 1.7089 0.5991 0.5016 4.6322 0.8066
1 -3.2547 -11.1332 0.8637 1.6127 1.9222 4.2838 0.0017 0.8045
6 9.0744 -31.4810 1.0762 1.7157 0.6594 0.5680 -0.3327 0.8023
6 8.9441 -12.7058 1.0583 1.7769 0.7845 0.7465 0.0079 0.7979
3 -42.9894 -0.1651 1.9105 3.0315 2.7437 8.2715 0.9459 0.7955
4 -20.5942 -34.5170 1.1445 1.5843 0.6169 1.6345 3.0988 0.7825
4 5.9443 -18.1333 0.8779 1.6350 0.6750 1.6275 0.0517 0.7818
1 -0.1383 -5.8335 0.8282 1.4893 2.0440 4.3449 0.0381 0.7815
4 9.2201 8.8138 0.5982 1.1094 0.5740 1.5299 -0.0816 0.7790
4 -30.7324 6.6255 1.1035 1.5486 0.6531 1.6506 -0.1151 0.7684
1 -12.4503 -37.6024 1.2899 1.5711 1.8953 4.3629 3.0616 0.7650
1 -3.3123 -17.8884 0.8814 1.5971 1.8415 4.2395 0.0282 0.7643
4 -31.9108 -22.4237 1.1591 1.0634 0.4994 1.6708 3.6177 0.7634
1 -39.7287 14.3747 1.0987 1.5245 1.8938 4.5185 0.2013 0.7618
6 7.9659 -30.6684 0.9807 1.6486 0.6556 0.5800 3.0461 0.7564
1 -41.1550 -7.9657 1.2610 1.4886 1.8356 4.1568 0.8917 0.7558
1 -40.0267 9.8252 1.5148 1.7548 2.0541 4.9261 0.9787 0.7515
4 6.3322 -28.1979 0.8259 1.5117 0.7276 1.6275 0.1146 0.7400
1 -3.3867 -4.4631 0.9862 1.7913 2.2270 4.5049 -0.0113 0.7382
1 -16.6357 -36.3186 1.4829 1.6664 1.8708 4.3256 3.0528 0.7379
4 7.5500 14.1769 0.6251 1.5187 0.7822 1.5254 0.1896 0.7362
4 -32.3472 -5.1034 1.2574 1.6395 0.6953 1.6918 0.3975 0.7359
1 0.0524 -19.7891 0.8481 1.5191 1.9161 4.3546 0.0392 0.7133
1 -27.9511 16.8820 1.1627 1.7066 2.0272 4.8960 0.8339 0.7117
4 19.0713 31.6090 0.3799 1.6259 0.7450 1.6405 4.0202 0.7087
1 -6.6849 -26.2501 0.9229 1.5420 1.8452 4.2525 -0.0344 0.7022
4 -16.2627 0.3005 1.1240 1.6962 0.7732 2.4683 0.1734 0.6938
5 12.2868 22.8068 0.5055 1.5107 1.3758 2.6103 0.7078 0.6937
4 -24.9385 48.1298 0.5257 1.6191 0.6844 1.7484 3.2867 0.6877
4 7.2674 16.0792 0.6394 1.6240 0.7339 1.5943 0.0883 0.6845
4 16.2215 25.2344 0.4325 1.5349 0.6794 1.5897 0.3128 0.6845
6 -29.7732 -5.1537 1.3472 1.7809 0.6467 0.5555 -1.1638 0.6781
4 7.7581 -12.3680 0.9243 1.6356 0.7400 1.5581 0.1874 0.6751
4 5.4179 13.8358 0.6299 1.5686 0.6164 1.5552 0.2115 0.6648
6 8.3363 -31.6483 1.0616 1.6809 0.6068 0.5720 -0.3733 0.6606
1 -40.6715 21.0140 0.9556 1.4553 1.7936 4.1736 0.4236 0.6594
1 -0.2333 -13.1766 0.8552 1.6580 2.1153 4.2973 -0.0200 0.6563
4 8.8070 17.5055 0.5532 1.5345 0.7022 1.5862 0.1266 0.6545
1 -3.4625 -44.3947 1.3281 1.7037 1.8976 4.3431 -0.0277 0.6538
4 -2.6370 7.6169 0.7880 1.5264 0.6332 1.6982 4.1070 0.6537
1 -33.5539 -46.8449 1.6096 1.5314 1.8327 4.2388 -1.0860 0.6500
4 6.8765 19.9337 0.5331 1.5328 0.6604 1.7658 0.3124 0.6496
3 -46.4075 -7.6094 2.1949 3.5921 3.0652 11.7391 0.9601 0.6493
6 -30.2038 -22.0178 1.4234 1.7182 0.6915 0.6160 0.0851 0.6484
6 -27.8000 48.9829 0.4570 1.6596 0.6154 0.5197 2.9868 0.6484
1 -6.6509 -13.6929 1.1721 1.8406 1.8961 4.1929 0.0349 0.6471
1 -0.0460 -31.5110 1.1293 1.7792 2.0882 4.4235 0.0643 0.6466
6 9.3921 -28.1852 1.0278 1.6467 0.6172 0.5052 0.0118 0.6448
6 -37.5654 37.2384 0.7111 1.7101 0.6513 0.5562 1.9205 0.6289
6 -35.4684 -21.0810 1.3565 1.5614 0.5807 0.5796 3.6391 0.6278
1 -41.2292 25.3580 0.9926 1.5108 1.8031 4.2165 4.0595 0.6277
6 -27.4923 -48.3229 1.4961 1.7013 0.7367 0.5657 3.4034 0.6172
6 -27.0302 46.7450 0.3975 1.6431 0.6079 0.5403 3.2552 0.6167
1 -3.3251 -37.8640 0.9516 1.5135 1.7826 4.1492 -0.0465 0.6157
6 -36.4165 40.1583 0.4738 1.6024 0.5683 0.5419 2.1837 0.6063
3 -46.8362 28.6924 1.4193 2.5915 2.4226 6.5369 4.1768 0.6057
6 8.7098 -28.1515 0.9967 1.6589 0.6053 0.5028 -0.0303 0.6029
4 -38.6640 -21.7347 1.1451 1.0769 0.5696 1.7152 3.1172 0.6009
6 -26.3831 -42.5323 1.4810 1.7314 0.6525 0.6553 0.2237 0.5964
1 -6.9457 -35.4222 1.1288 1.5269 1.8364 4.2334 -0.0715 0.5945
2 -3.4383 -25.6342 1.7283 3.3821 2.9240 6.6192 0.0174 0.5888
4 4.8604 15.2855 0.6048 1.5291 0.8545 1.7758 0.1443 0.5865
6 -26.1635 48.7328 0.4288 1.6683 0.6786 0.6052 3.1504 0.5655
6 39.7702 47.6550 0.0588 1.6589 0.7590 0.6255 0.8305 0.5597
6 38.7401 49.4406 0.1601 1.6267 0.5610 0.4717 0.9526 0.5510
4 16.1484 22.4973 0.3181 1.0989 0.5230 1.4699 2.5773 0.5339
6 -36.7969 39.4962 0.5680 1.6194 0.6143 0.6377 1.7555 0.5320
4 5.9955 16.5878 0.7110 1.6096 0.6098 1.6908 -0.0621 0.5295
6 -24.6081 -33.5713 1.4670 1.6924 0.6036 0.5093 3.1756 0.5289
4 -14.7962 8.3183 0.9589 1.6550 0.7998 2.2117 4.6443 0.5260
5 5.5068 20.4986 0.5857 1.5155 0.9369 1.8065 0.4342 0.5238
4 7.9459 19.5372 0.5390 1.5403 0.6435 1.7351 0.3731 0.5189
1 -49.8277 -14.6944 1.3803 1.5875 1.8510 4.3412 0.5810 0.5178
6 -23.6714 -27.1248 1.3190 1.6395 0.6574 0.6514 0.2392 0.4931
4 16.9905 23.2606 0.3107 1.0847 0.5558 1.5948 2.4096 0.4878
4 25.0479 29.5962 0.1382 1.0735 0.5436 1.4441 2.7913 0.4830
1 -36.6122 -10.8086 1.2195 1.5236 1.8474 4.3168 -0.9355 0.4816
4 26.0723 30.4088 0.1994 1.0302 0.5273 1.5167 2.6121 0.4743
6 10.2271 -49.3673 0.8296 1.5759 0.6195 0.5163 1.2539 0.4715
6 -25.3542 -42.9705 1.4784 1.6810 0.6004 0.5798 3.3621 0.4683
6 -30.2043 -18.5793 1.1888 1.6507 0.6914 0.8988 2.6908 0.4622
1 -41.0733 5.9507 1.2257 1.5480 1.8023 4.1106 1.0020 0.4474
1 -0.6795 -45.4368 1.2082 1.5201 1.8439 4.2442 0.0328 0.4442
6 -31.8250 -19.1493 1.1631 1.6400 0.6205 0.5896 -0.3637 0.4270
1 -0.3299 -39.5011 1.0191 1.5089 1.8573 4.3960 -0.0872 0.4230
6 -45.7399 47.4469 0.7307 1.6373 0.5962 0.4903 -0.7354 0.4222
4 19.3735 24.3876 0.3217 1.1034 0.5574 1.4839 2.2161 0.4036
6 -27.7012 -41.5753 1.3405 1.6320 0.5975 0.5566 3.1134 0.3688
4 17.5038 23.6104 0.3133 1.0976 0.5208 1.6022 2.5037 0.3430
6 -21.0487 -48.7659 1.4514 1.6439 0.5639 0.5340 3.0571 0.3379
6 9.1985 -40.1815 1.1038 1.6104 0.6030 0.5391 0.0750 0.3216
6 -26.5549 47.9175 0.3568 1.5367 0.6143 1.0266 3.1005 0.3144
6 -33.9027 -30.1968 1.1493 1.6053 0.6383 0.6041 2.8753 0.3020
4 10.1677 -36.8986 0.7978 1.2187 0.5774 1.7769 -0.0572 0.2699
4 27.5606 31.0520 0.2283 1.0834 0.6034 1.7013 2.6550 0.2679
2 -23.3036 -23.3162 1.8433 2.9795 2.8704 6.4829 0.2520 0.2664
6 -46.2506 32.6039 0.6689 1.6520 0.5633 0.5266 4.2727 0.2654
6 -19.3278 -37.1276 1.5560 1.6667 0.6063 0.6075 3.1116 0.2514
6 -40.8158 34.8114 0.7610 1.6992 0.6081 0.5555 -1.1806 0.2437
6 -44.7974 -28.6096 1.5910 1.5876 0.6025 0.5946 1.9761 0.2370
1 -16.5668 -44.9462 1.2953 1.5715 1.8196 4.2644 2.8245 0.2314
1 -7.9820 -41.2309 0.9499 1.4831 1.7985 4.2169 -0.1828 0.2313
6 -44.3226 -27.6656 1.3937 1.5640 0.5433 0.5131 3.1401 0.2306
1 14.6254 -47.8773 1.0772 1.5195 1.8487 4.2152 4.6203 0.2298
1 -33.9178 -49.3324 1.7383 1.6765 1.8776 4.3906 1.9446 0.2186
6 -46.9822 47.3371 0.4552 1.6973 0.6162 0.5848 -0.3181 0.2140
6 -37.5509 39.5583 0.4957 1.5851 0.6222 0.7454 1.8490 0.1952
4 26.7175 30.9671 0.1963 1.1224 0.5921 1.5852 2.7468 0.1861
1 -3.1357 -31.9627 1.0182 1.5453 1.8232 4.1947 -0.1324 0.1858
1 -49.9126 7.0060 1.1507 1.4809 1.8737 4.0878 3.0184 0.1829
