1 -21.3031 44.5131 0.3816 1.5332 1.9038 4.3769 3.3821 0.9023
1 -7.0165 -6.6218 1.0401 1.7545 2.1922 4.5784 -0.0194 0.9013
1 -37.6920 -1.1412 1.1407 1.4645 1.9391 4.5077 0.9020 0.9006
1 -32.5570 42.5047 0.6143 1.6100 1.9334 4.3233 2.2715 0.8930
4 -30.6012 5.5671 1.1678 1.5604 0.6757 1.7000 -0.1105 0.8803
4 -10.9073 15.5802 0.9311 1.6680 0.7166 2.1015 3.6219 0.8756
1 -16.5478 -27.1510 1.3860 1.8001 1.9526 4.4253 3.1296 0.8734
1 -26.2531 40.0688 0.6189 1.5703 1.8386 4.1996 3.6981 0.8554
1 -30.8394 13.7048 1.2352 1.6238 1.9213 4.3670 0.8695 0.8483
1 -6.5039 -20.0618 0.8854 1.5575 1.8604 4.3029 0.0426 0.8480
6 7.6188 -27.6447 1.0033 1.6431 0.6630 0.5695 3.0980 0.8467
1 -35.7571 4.8633 1.1763 1.5323 1.9848 4.6733 0.9199 0.8448
4 4.2400 8.8268 0.7060 1.5754 0.7149 1.7438 -0.1995 0.8335
4 -33.9838 38.3003 0.6620 1.5980 0.8235 1.8083 2.2891 0.8325
1 -9.0878 41.1166 0.6584 1.6783 1.9427 4.4681 0.4939 0.8298
6 9.3513 -16.2402 1.0426 1.7464 0.6758 0.5501 0.0082 0.8270
4 6.5122 4.4283 0.6551 1.5359 0.7041 1.6603 0.0345 0.8215
6 8.7298 -28.6879 1.0203 1.6550 0.5837 0.5439 3.0265 0.8140
1 -3.2879 -11.1349 0.8671 1.5993 1.9560 4.3284 0.0380 0.8048
4 -33.7987 -7.0689 1.3199 1.6480 0.7211 1.7127 0.9553 0.7991
1 -3.3054 -17.8890 0.9000 1.5999 1.8926 4.2590 0.0360 0.7965
1 -42.9603 8.5988 1.1847 1.5279 1.9381 4.4997 0.8840 0.7843
1 -0.1347 -5.8341 0.8200 1.4848 2.0343 4.3258 0.0321 0.7825
1 -3.3944 -4.4612 0.9864 1.7903 2.2341 4.4980 -0.0117 0.7808
4 9.2045 8.8071 0.6093 1.0984 0.5361 1.4996 -0.1059 0.7768
3 -42.9862 -0.1688 1.8685 3.0219 2.7578 8.1403 0.9399 0.7750
1 -13.2443 -13.2580 1.1599 1.5494 1.8690 4.3177 3.1683 0.7689
4 5.8984 -26.1299 0.9476 1.6048 0.6795 1.6633 0.0587 0.7622
6 -31.8346 -7.0863 1.2790 1.7191 0.5960 0.5368 -1.4188 0.7593
1 0.0673 -19.7970 0.8508 1.5203 1.9321 4.3592 0.0196 0.7590
1 -47.7497 -13.0489 1.4204 1.5532 1.9081 4.3516 0.9245 0.7495
6 -29.8391 -5.1636 1.3143 1.8116 0.6623 0.6130 -1.2977 0.7452
6 -31.7829 -19.1547 1.1771 1.6902 0.5860 0.4866 -1.4687 0.7388
4 5.4569 13.8425 0.6423 1.5362 0.6532 1.5613 0.2012 0.7263
4 7.8235 18.4369 0.5594 1.5298 0.6430 1.7043 0.4186 0.7181
1 -34.0654 -3.7987 1.1963 1.5333 2.0049 4.5378 1.0698 0.7167
1 -6.6753 -26.6068 0.9410 1.5477 1.8435 4.2011 0.0078 0.7161
3 -46.4440 -7.5879 2.1789 3.5432 3.0753 11.8939 0.9357 0.7145
4 27.1015 37.8324 0.2509 1.6021 0.6961 1.6781 4.3450 0.7101
4 6.1825 -34.4154 0.8596 1.5177 0.7732 1.6474 0.0570 0.7016
5 12.2248 22.8142 0.4880 1.5576 1.2319 2.7253 0.7794 0.7007
4 16.2306 25.2378 0.4497 1.4967 0.6665 1.5631 0.3448 0.6827
1 -0.0598 -31.5430 1.1187 1.8065 2.1010 4.4183 0.0957 0.6822
4 7.3015 16.0280 0.6067 1.5484 0.7513 1.5690 0.1848 0.6554
3 -46.9464 28.6700 1.4423 2.8203 2.5694 7.6217 4.1095 0.6547
1 -6.6623 -13.6758 1.1652 1.8606 1.9168 4.2213 0.0220 0.6456
4 4.9065 15.5065 0.6610 1.5355 0.9320 1.8700 0.1708 0.6417
4 8.2535 -16.1150 0.9897 1.6390 0.6796 1.6357 0.0184 0.6345
1 -0.2528 -13.2204 0.8859 1.6393 2.1251 4.3055 -0.0058 0.6304
1 -33.4139 -46.9710 1.5353 1.5334 1.8538 4.2983 2.0111 0.6213
1 -3.4118 -37.8650 0.9400 1.5261 1.8071 4.1983 -0.0365 0.6205
6 -27.9919 49.6049 0.4759 1.6563 0.6584 0.5554 3.0648 0.6205
4 7.6074 14.1689 0.6264 1.4980 0.7182 1.5883 0.3405 0.6112
6 9.2611 -31.6189 1.0511 1.6487 0.5908 0.5230 0.0094 0.6041
4 6.0571 16.1548 0.6984 1.5991 0.5662 1.6897 0.1146 0.6009
4 8.8062 17.5141 0.6359 1.5233 0.6770 1.5707 0.1957 0.5963
1 -3.4606 -44.3542 1.2597 1.6590 1.8693 4.3468 -0.0484 0.5927
4 16.1585 22.5202 0.3869 1.1265 0.5225 1.4777 2.5617 0.5923
1 -7.0290 -34.9572 1.1386 1.5281 1.8094 4.1697 -0.0642 0.5894
4 6.8574 19.8883 0.5279 1.4943 0.6451 1.7367 0.2738 0.5815
4 -4.5260 8.1447 0.8397 1.6489 0.7360 2.1320 -1.3685 0.5760
6 -26.2407 48.7529 0.3965 1.6723 0.6694 0.5718 3.0764 0.5742
4 25.0659 29.5434 0.2064 1.0459 0.5171 1.4517 2.6712 0.5700
6 -30.1606 -21.9949 1.4150 1.7245 0.6384 0.5691 0.8606 0.5610
4 17.0063 23.2782 0.3773 1.0960 0.5489 1.5787 2.3949 0.5594
1 -36.6804 -10.8677 1.2123 1.4933 1.7947 4.1507 3.9844 0.5521
5 -30.4766 -16.4667 1.5498 2.3037 1.8062 3.6183 2.1909 0.5503
2 -3.4246 -25.6402 1.7454 3.3888 2.9286 6.6885 0.0217 0.5490
6 -36.4012 40.1878 0.5547 1.6215 0.6535 0.6977 2.1198 0.5438
4 -29.4484 -21.0402 1.2265 1.6152 0.7112 1.3855 1.9451 0.5385
5 5.5325 20.5018 0.5957 1.5084 0.9182 1.7899 0.5050 0.5252
6 -28.2057 46.5369 0.4750 1.6539 0.5847 0.5527 3.1787 0.5181
6 -37.5795 37.2748 0.6990 1.6894 0.6945 0.5907 3.4293 0.5138
6 38.7607 49.4123 0.0987 1.6188 0.5850 0.4942 0.7461 0.4934
4 26.0990 30.1726 0.1850 1.0511 0.5068 1.5339 2.6764 0.4835
1 -45.3274 2.5940 1.3596 1.5506 1.8507 4.2976 0.9179 0.4763
4 -27.1222 46.7306 0.4228 1.6563 0.6390 1.1178 3.4357 0.4721
6 -45.7282 47.4103 0.6785 1.6298 0.6059 0.4838 -1.4233 0.4655
6 -24.8610 -35.4843 1.4420 1.6985 0.6093 0.5430 2.9502 0.4600
6 -28.9612 44.8394 0.7177 1.6724 0.5770 0.5518 3.1133 0.4591
4 39.6736 48.2484 0.1563 1.6508 0.7251 1.0107 1.0063 0.4546
6 -29.0749 45.9947 0.6357 1.6877 0.5679 0.5465 3.0913 0.4469
1 -0.7061 -45.4405 1.2114 1.5226 1.8684 4.2754 -0.0389 0.4467
4 19.3639 24.3840 0.3618 1.0964 0.5584 1.4874 2.1796 0.4318
6 -23.6903 -27.1265 1.2841 1.6214 0.6678 0.7706 -0.2056 0.4279
6 -35.4068 -21.2137 1.3072 1.6286 0.5746 0.5770 3.5547 0.4184
1 -0.3237 -39.4815 1.0429 1.5228 1.8639 4.4059 -0.0958 0.4113
6 -26.5896 47.9316 0.3394 1.6056 0.6557 0.8032 3.1468 0.4108
4 -31.8775 -22.3387 1.0608 1.0225 0.4592 1.5020 3.6047 0.4107
6 -29.1813 48.6691 0.2864 1.6101 0.5895 0.5646 3.0291 0.4068
4 9.0726 -44.3019 0.9860 1.5888 0.6921 0.8673 -0.1552 0.4018
6 -36.8292 39.1799 0.5567 1.6195 0.7157 1.0998 2.2646 0.4016
6 -40.7681 41.5300 0.5859 1.6514 0.7050 0.7316 1.0003 0.3677
4 5.6063 17.6393 0.6025 1.6546 0.6934 1.0260 -0.0179 0.3546
6 -40.9173 34.7443 0.8652 1.7342 0.6936 0.6122 3.2662 0.3490
4 27.6337 30.9836 0.3099 1.0564 0.5576 1.5934 2.8750 0.3398
6 -24.3755 -23.2540 1.1156 1.6057 0.5721 0.5858 3.0001 0.3124
6 -20.8298 -41.4599 1.4698 1.6818 0.6225 0.5926 3.5336 0.3020
6 34.5639 45.0340 0.3594 1.7204 0.7262 0.6270 1.1282 0.2864
6 -44.7577 -28.5923 1.6582 1.5872 0.6195 0.5838 1.7880 0.2739
6 -44.3190 -27.6183 1.3586 1.5221 0.5567 0.5402 4.1425 0.2691
6 -29.9212 48.6363 0.3672 1.6409 0.5880 0.6234 2.9981 0.2639
6 8.1268 -28.8871 1.1123 1.7029 0.6266 0.6000 2.9789 0.2603
1 -17.5453 -38.1845 0.9448 1.5358 1.8588 4.3289 3.1959 0.2410
6 -26.0478 -45.9301 1.5232 1.6677 0.6203 0.5764 4.3092 0.2387
6 -46.1874 -29.2385 2.1043 1.6484 0.6328 0.5468 2.9542 0.2352
4 9.8796 -38.2976 0.8029 1.2299 0.5933 1.7286 -0.0252 0.2249
1 -3.1584 -31.5072 1.0088 1.5586 1.8206 4.2012 -0.0573 0.2051
6 9.9114 -31.5185 0.9597 1.4153 0.4918 0.5460 -0.0315 0.1940
1 -34.8447 -48.7801 1.4329 1.5823 1.8330 4.2769 1.8962 0.1780
