1 -26.2503 -2.7427 1.0556 1.5627 1.9709 4.5244 1.7240 0.9045
1 -28.1011 37.1727 0.7888 1.7538 2.0389 4.7811 3.7946 0.9006
1 -37.6907 -1.1337 1.1749 1.4553 1.9375 4.5072 0.8777 0.8992
1 -35.6989 4.8937 1.1771 1.5655 2.0301 4.7104 0.9259 0.8838
1 -7.0136 -6.6297 1.0305 1.7544 2.1801 4.6023 -0.0206 0.8802
1 -40.5788 -7.4785 1.2609 1.5160 1.8516 4.2194 0.9118 0.8768
4 -16.6845 -2.5672 1.0905 1.6894 0.7761 2.0991 3.2640 0.8742
1 -6.5246 -20.0695 0.8641 1.5566 1.8780 4.2803 0.0216 0.8441
4 5.9176 -16.9411 0.9158 1.6501 0.6904 1.6576 0.0759 0.8410
1 -24.8875 19.7758 1.1619 1.6652 1.9427 4.8272 0.8079 0.8371
1 -38.1064 11.2313 1.4659 1.8092 2.1092 5.0649 0.9586 0.8258
4 7.8426 -11.7988 0.9446 1.6407 0.7881 1.5934 0.2905 0.8168
4 6.5147 4.5648 0.6324 1.5434 0.6689 1.6411 0.1063 0.8122
4 -4.4779 6.5906 0.8002 1.5777 0.6642 1.7872 4.2514 0.8073
1 -45.4675 17.9346 0.9971 1.4933 1.8168 4.1778 4.1456 0.8066
1 -3.3019 -17.8986 0.8916 1.6053 1.8831 4.2733 0.0374 0.8063
6 8.9317 -12.1149 1.0528 1.7555 0.7007 0.5782 0.0854 0.8058
3 -42.9616 -0.1540 1.8860 3.0007 2.7298 8.0727 0.9471 0.7993
1 -3.2781 -11.1307 0.8675 1.6205 1.9470 4.3037 0.0304 0.7970
6 7.9894 -31.0900 0.9765 1.6458 0.6237 0.5594 3.1381 0.7944
3 -46.8638 -7.9527 2.2461 3.4701 3.0731 12.7167 0.9396 0.7924
4 6.3325 -27.2066 0.8140 1.5232 0.7159 1.5983 0.1219 0.7898
4 9.2194 8.7995 0.6181 1.1012 0.5587 1.5159 -0.0901 0.7808
1 -0.1381 -5.8326 0.8225 1.4887 2.0368 4.3406 0.0341 0.7785
4 7.3070 16.1137 0.6402 1.6333 0.7141 1.6321 0.1664 0.7781
4 17.8967 30.7091 0.3993 1.6003 0.7058 1.7187 3.9747 0.7670
1 -10.5307 37.4111 0.8026 1.7844 1.8745 4.2228 0.5615 0.7652
6 9.0725 -31.9768 1.0471 1.6984 0.6545 0.5289 3.2011 0.7602
4 -34.0014 38.3625 0.6846 1.6168 0.7545 1.7804 2.3013 0.7584
6 -31.8718 -7.1070 1.3492 1.6846 0.6288 0.5542 4.6251 0.7543
4 -16.7082 8.3585 0.9665 1.5759 0.7550 2.1708 4.6875 0.7523
1 0.0613 -19.7944 0.8376 1.5145 1.9386 4.3773 0.0305 0.7497
4 -31.9091 -22.4422 1.1141 1.0701 0.5035 1.7068 3.6151 0.7445
1 -44.5716 22.6403 0.9643 1.5561 1.8628 4.2421 4.0204 0.7436
1 -39.7390 15.0758 1.0700 1.5281 1.8525 4.2265 0.1274 0.7365
1 -3.3849 -4.4679 0.9901 1.7864 2.2229 4.5047 -0.0110 0.7341
4 7.5470 14.1491 0.6089 1.4992 0.7722 1.5506 0.2702 0.7278
4 -30.7409 6.5878 1.1216 1.5577 0.6699 1.6833 -0.1462 0.7162
6 -27.7803 48.9773 0.4525 1.6955 0.6327 0.5257 2.9688 0.7073
1 -12.4346 -41.8960 1.3133 1.5775 1.8840 4.4142 3.0734 0.7066
4 5.4456 13.8655 0.6226 1.5529 0.6801 1.5675 0.2291 0.7049
1 -37.5722 8.2389 1.1118 1.5257 1.9177 4.3685 0.9075 0.7043
1 -33.4848 -46.8918 1.5864 1.5432 1.8359 4.2581 -1.1241 0.7025
6 8.3849 -31.7878 1.0765 1.6739 0.5404 0.5544 3.1573 0.7014
1 -6.6906 -26.2366 0.9414 1.5643 1.8542 4.2727 -0.0303 0.6965
6 -28.7688 44.8380 0.6067 1.7032 0.6805 0.5865 3.2363 0.6932
4 -24.8469 47.6860 0.4989 1.6429 0.6982 1.7382 3.1818 0.6874
4 8.8039 17.4816 0.5712 1.5488 0.6967 1.5957 0.0584 0.6817
6 8.7699 -27.6925 1.0485 1.6793 0.7480 0.6332 0.0079 0.6787
1 -48.9249 -13.8085 1.5825 1.7025 1.9829 4.4055 0.8258 0.6780
4 16.1970 25.2378 0.4246 1.5086 0.6492 1.5681 0.2570 0.6755
1 -0.2517 -13.1817 0.8662 1.6110 2.1076 4.2667 -0.0018 0.6720
5 12.2653 22.7953 0.5448 1.5340 1.3370 2.5834 0.7222 0.6635
1 -3.4530 -44.4050 1.3111 1.6716 1.8816 4.3227 -0.0222 0.6623
4 6.8910 19.9157 0.5210 1.5097 0.6024 1.7615 0.2667 0.6584
4 16.1620 22.4946 0.3634 1.1200 0.5177 1.4628 2.5381 0.6486
3 -46.8763 28.7049 1.4855 2.6760 2.4773 7.2902 4.0652 0.6390
1 0.0318 -31.5088 1.1009 1.7461 2.1005 4.4730 0.0320 0.6389
4 -28.3185 46.4748 0.4658 1.5845 0.6112 1.5832 2.9831 0.6372
6 -29.0844 46.0419 0.4301 1.6536 0.6003 0.5821 2.6722 0.6354
4 -27.2334 46.5049 0.4431 1.6029 0.6471 1.5999 3.3678 0.6339
6 -31.7967 -19.1418 1.2100 1.6137 0.5934 0.5318 -1.3896 0.6331
4 -26.6179 48.4184 0.4107 1.6392 0.6953 1.6837 3.0439 0.6312
6 -30.1820 -22.0339 1.3895 1.6927 0.6773 0.5754 0.0789 0.6277
4 -20.6999 -36.3977 1.1943 1.5637 0.6693 1.7356 3.2730 0.6174
4 16.9847 23.3188 0.2977 1.1088 0.5786 1.6097 2.3619 0.6110
6 -27.7416 -47.6953 1.4619 1.6873 0.6388 0.5444 3.4030 0.6010
1 -6.9701 -35.4470 1.1179 1.5221 1.8332 4.2101 -0.0082 0.5971
1 -3.3245 -37.8858 0.9469 1.5164 1.7859 4.1367 -0.0441 0.5930
2 -3.4352 -25.6426 1.7360 3.4073 2.9503 6.6768 0.0219 0.5905
6 -26.3205 -41.9334 1.4322 1.7007 0.6250 0.6657 0.1038 0.5894
1 -6.6906 -14.2056 1.2075 1.8371 1.9873 4.3588 0.0217 0.5860
6 -32.2694 -4.7438 1.2948 1.6938 0.6539 0.6038 -1.3186 0.5833
6 -29.8489 -5.1983 1.3898 1.7101 0.6677 0.6527 -1.4770 0.5625
4 25.0448 29.5976 0.1821 1.0744 0.5364 1.4544 2.7147 0.5618
6 -37.5692 37.2553 0.7513 1.6886 0.6418 0.5432 2.2790 0.5581
4 6.0409 16.1546 0.7007 1.6136 0.5494 1.5233 0.0792 0.5536
6 -30.4372 -18.0522 1.1854 1.6610 0.7126 1.0971 3.1476 0.5512
4 -38.6827 -21.6778 1.2132 1.1291 0.5870 1.6748 3.1119 0.5481
4 4.8702 15.2889 0.6081 1.5165 0.8767 1.7528 0.1450 0.5393
4 26.0672 30.3400 0.2174 1.0627 0.5304 1.5505 2.5410 0.5278
5 5.5176 20.4982 0.5868 1.5186 0.9280 1.7944 0.4047 0.5162
6 -25.5178 -42.4621 1.3696 1.7127 0.7128 0.6508 3.2010 0.5092
1 -16.6696 -37.1246 1.4790 1.6189 1.8509 4.3642 3.1156 0.5071
6 -24.6211 -33.5814 1.4279 1.6885 0.6015 0.5124 3.2103 0.4917
4 19.3822 24.3863 0.3442 1.1205 0.5732 1.4751 2.1724 0.4911
6 -36.8115 39.5130 0.5911 1.6063 0.6286 0.6170 2.1312 0.4890
6 -36.3501 40.1633 0.5029 1.5738 0.6453 0.7865 2.9789 0.4841
6 -45.7246 47.4567 0.6752 1.6239 0.6272 0.5175 -0.8714 0.4790
4 8.0564 19.8726 0.5598 1.5424 0.6202 1.7421 0.2143 0.4787
1 -36.2675 -10.4681 1.1983 1.5210 1.7074 3.8446 -0.9608 0.4731
6 38.7635 49.4225 0.1005 1.6366 0.5881 0.4724 0.7308 0.4687
6 -40.9306 34.7552 0.9385 1.6532 0.6635 0.5769 -1.1924 0.4657
1 -0.6968 -45.3765 1.1781 1.5193 1.8399 4.2480 -0.0368 0.4614
4 5.5796 17.4995 0.6734 1.6384 0.6520 1.2424 -0.0292 0.4521
6 -29.2321 48.7308 0.1866 1.6266 0.6004 0.5331 2.8365 0.4444
6 40.0855 47.3263 0.1218 1.6592 0.7014 0.5416 0.7924 0.4409
1 -0.3172 -39.5108 1.0745 1.5378 1.8621 4.4016 -0.0753 0.4307
4 27.6100 31.0856 0.2398 1.0599 0.5739 1.6566 2.6017 0.3927
6 -30.0529 48.5231 0.1315 1.7140 0.6229 0.5793 1.8422 0.3895
1 -16.9710 -45.4134 1.3280 1.6172 1.8503 4.2835 2.6488 0.3625
1 -33.9402 -49.3933 1.7361 1.6843 1.8703 4.3714 1.9169 0.3464
6 -33.9643 43.1052 0.6453 1.6381 0.6416 0.7961 3.2193 0.3455
6 -23.4724 -27.1891 1.1484 1.5618 0.5548 0.5317 0.1323 0.3349
6 -35.4180 -21.3086 1.3550 1.5326 0.5493 0.5201 2.5086 0.3343
4 10.2238 -37.5779 0.7725 1.2711 0.6190 1.7525 0.0082 0.3275
6 -30.6354 47.0157 -0.0366 1.7002 0.5791 0.5657 2.9878 0.3193
6 10.1680 -49.4120 0.8898 1.6171 0.6176 0.5182 2.4071 0.3107
6 -33.2944 42.4768 0.6761 1.6366 0.6893 1.1484 3.2606 0.2789
6 -27.8050 -41.5558 1.2791 1.6195 0.5833 0.5283 3.1410 0.2785
1 -7.9972 -41.1570 1.0065 1.4945 1.8019 4.2561 -0.1231 0.2705
6 9.0298 -39.5784 0.9210 1.5694 0.6006 0.6526 0.0603 0.2578
6 -46.9398 47.2864 0.4815 1.6723 0.6442 0.6151 -0.4166 0.2521
6 -19.2996 -37.0889 1.5432 1.6798 0.5945 0.5630 3.2681 0.2465
1 -3.1265 -31.9506 1.0393 1.5375 1.8247 4.2224 -0.1182 0.2233
6 -46.1054 -29.2964 1.9417 1.6731 0.6726 0.5889 2.0781 0.2180
6 -44.3414 -27.6572 1.3101 1.5320 0.5657 0.5343 2.0315 0.2163
6 -29.5444 46.8867 -0.1213 1.3505 0.5515 0.5096 2.7134 0.1993
4 -37.1546 38.7900 0.5943 1.3998 0.7074 1.6203 1.7079 0.1955
