1 -22.8005 46.4967 0.5499 1.6801 1.9834 4.7365 3.4233 0.9018
1 -35.6958 4.9217 1.1924 1.5354 2.0191 4.7383 0.9414 0.8995
1 -43.0514 -9.3867 1.3909 1.5255 1.8930 4.3216 0.9179 0.8968
1 -7.0185 -6.6280 1.0255 1.7561 2.2008 4.6016 -0.0172 0.8822
4 0.6116 9.2979 0.7425 1.6022 0.7191 1.8276 4.2970 0.8578
1 -37.6600 -1.0858 1.1563 1.4957 1.9367 4.4044 0.8655 0.8460
1 -6.5112 -20.0784 0.8842 1.5787 1.8569 4.2737 0.0192 0.8402
4 6.5049 4.4821 0.6293 1.5287 0.6739 1.6607 0.0615 0.8357
4 7.7612 -13.6192 0.9200 1.6123 0.7747 1.6934 0.1747 0.8353
1 -18.6164 26.0196 0.9767 1.6438 1.8840 4.2589 0.7288 0.8305
1 -31.3365 28.4977 0.8523 1.4650 1.9479 4.6491 3.9053 0.8279
1 -3.4075 -4.4672 0.9900 1.8057 2.2992 4.5280 -0.0086 0.8210
3 -42.9822 -0.1580 1.8926 3.0161 2.7448 8.0938 0.9449 0.8169
4 -14.8496 5.7200 1.0818 1.7134 0.6586 2.0407 3.4791 0.8168
4 9.2211 8.8003 0.6090 1.0810 0.5538 1.5191 -0.0625 0.8095
4 -30.7274 6.6103 1.0895 1.5756 0.6532 1.6532 -0.0964 0.8066
1 -3.3047 -17.9058 0.8833 1.5990 1.8934 4.2624 0.0385 0.8016
1 -3.2753 -11.1348 0.8600 1.5925 1.9478 4.3200 0.0282 0.7991
6 -31.8463 -7.1012 1.3275 1.6984 0.5731 0.4976 -1.4289 0.7918
6 7.8102 -29.5909 0.9869 1.6556 0.6558 0.7453 2.9625 0.7892
1 -0.1387 -5.8306 0.8200 1.4873 2.0365 4.3439 0.0297 0.7760
6 9.0280 -13.8849 0.9962 1.7263 0.7234 0.6382 -0.0279 0.7669
1 -33.9958 11.5113 1.2524 1.6773 1.9731 4.7029 0.9093 0.7628
4 7.5574 14.1456 0.6187 1.5138 0.7841 1.5584 0.2877 0.7594
1 0.0547 -19.7984 0.8438 1.5159 1.9308 4.3452 0.0216 0.7480
1 -43.8659 7.3115 1.5783 1.6978 2.0106 4.5214 0.9500 0.7453
4 -34.0174 38.3400 0.7136 1.6225 0.7763 1.8196 2.1759 0.7416
4 5.9967 -20.5535 0.9161 1.6578 0.6960 1.6278 0.0756 0.7393
5 12.2217 22.8143 0.4969 1.5329 1.2378 2.7531 0.7761 0.7240
1 -29.4645 -2.4311 1.1641 1.5682 2.1017 4.5092 1.3657 0.7222
4 5.4610 13.8596 0.6295 1.5395 0.6721 1.5672 0.2422 0.7189
1 -0.0762 -31.5562 1.1065 1.7960 2.1108 4.4564 0.0587 0.7128
6 9.2263 -41.6032 0.9735 1.6069 0.6451 0.6334 -0.0703 0.7006
1 -35.0294 30.4820 0.8458 1.5225 1.8700 4.3647 3.8590 0.7005
6 -27.8383 49.0776 0.4737 1.6272 0.6591 0.5779 -0.3825 0.7001
6 9.4411 -29.2439 1.0386 1.6662 0.6796 0.5821 0.0107 0.6936
4 7.2829 16.0538 0.6137 1.5921 0.7242 1.5710 0.2028 0.6897
6 -28.7340 44.9175 0.6375 1.6421 0.6373 0.5850 3.4754 0.6830
1 -0.2463 -13.1701 0.8667 1.5993 2.0909 4.2699 0.0020 0.6789
6 -31.8103 -19.1278 1.2446 1.6388 0.5983 0.5386 -1.2304 0.6780
1 -33.4758 -46.9367 1.5546 1.5418 1.8756 4.3677 2.0090 0.6723
6 -29.7708 -5.1816 1.2933 1.8021 0.6551 0.5623 -1.0408 0.6716
4 8.8331 17.4955 0.5587 1.5197 0.7109 1.5676 0.2094 0.6695
1 -6.6923 -26.2700 0.9557 1.5399 1.8303 4.2244 -0.0212 0.6689
6 -25.6485 -44.0097 1.4592 1.6930 0.7099 0.5758 3.3105 0.6664
4 6.8579 19.9359 0.5564 1.5352 0.6865 1.7094 0.2908 0.6655
4 -32.6079 -5.9587 1.2546 1.6429 0.6194 1.8551 0.0577 0.6638
4 6.0632 16.1934 0.6780 1.6296 0.5829 1.6760 0.0978 0.6600
3 -47.2197 28.5094 1.3436 2.9852 2.6581 8.1929 4.0636 0.6516
1 -3.4501 -44.4172 1.3064 1.6480 1.8828 4.3116 -0.0545 0.6451
4 7.9007 18.9200 0.5216 1.5068 0.6032 1.6701 0.3426 0.6384
4 16.2202 25.2220 0.4198 1.5044 0.6745 1.5834 0.3613 0.6310
6 -29.2545 48.7438 0.2560 1.6067 0.5884 0.5250 3.2032 0.6215
4 -11.1352 8.3848 0.9260 1.5682 0.7721 2.0549 4.6930 0.6192
6 38.7616 49.4230 0.1229 1.6182 0.5906 0.5071 0.8624 0.6172
1 -3.3172 -37.8483 0.9489 1.4986 1.7768 4.0952 -0.0657 0.6170
4 21.8227 33.8684 0.4387 1.5466 0.6968 1.7992 4.1096 0.6162
1 -6.6701 -13.6706 1.1703 1.8668 1.9621 4.2812 0.0192 0.6118
1 -6.9873 -34.9538 1.1495 1.5323 1.8282 4.1830 0.0600 0.6115
6 -29.0057 46.0773 0.4796 1.6324 0.5624 0.5224 2.9781 0.6084
4 4.8770 15.3000 0.6107 1.5208 0.8629 1.7633 0.1511 0.6047
4 6.2731 -30.1401 0.7995 1.5113 0.7729 1.5635 0.0520 0.5907
4 16.1508 22.4842 0.3648 1.1103 0.5137 1.4660 2.5109 0.5894
4 -31.9063 -22.4248 1.0763 1.1088 0.4827 1.6475 3.5513 0.5872
6 8.4352 -30.7111 1.0972 1.6966 0.7201 0.5641 -0.3677 0.5764
2 -3.4375 -25.6322 1.7490 3.3852 2.9332 6.6359 0.0153 0.5755
4 -20.9400 -30.6208 1.0877 1.4859 0.6662 1.7014 2.9347 0.5736
6 -36.4036 40.1328 0.4200 1.6016 0.5827 0.5790 3.2918 0.5631
4 -38.6587 -21.6951 1.2095 1.1245 0.5999 1.6388 3.0773 0.5576
6 -27.0655 -49.4675 1.4050 1.6811 0.6788 0.5943 3.2474 0.5572
6 -30.0863 48.4855 0.2620 1.6078 0.6001 0.4972 3.1834 0.5568
4 -26.6921 48.3970 0.3996 1.5976 0.6505 1.3728 3.0138 0.5548
6 -26.4149 -43.5782 1.5142 1.6773 0.6685 0.5819 3.0120 0.5356
6 -30.1053 -19.3990 1.1327 1.7316 0.7030 0.8501 0.1248 0.5319
1 -36.6843 -10.8658 1.1563 1.4906 1.8087 4.1995 4.2387 0.5298
4 16.9592 23.2901 0.3296 1.0894 0.5616 1.5904 2.4146 0.5269
6 -28.3472 46.5281 0.4365 1.5935 0.6246 0.7640 3.0921 0.5222
5 5.5157 20.4944 0.5784 1.5015 0.9051 1.7842 0.5291 0.5181
6 -35.4156 -21.0750 1.4184 1.5902 0.5704 0.5386 3.6891 0.5125
4 25.0277 29.5883 0.1881 1.0490 0.5171 1.4188 2.7116 0.4946
6 39.4436 48.0341 0.1673 1.6676 0.5810 0.5002 1.2678 0.4885
1 -16.6910 -34.8439 1.4780 1.6535 1.8505 4.3355 3.1570 0.4818
4 26.0680 30.3733 0.2265 1.0305 0.5271 1.4912 2.5570 0.4743
6 -27.1285 46.7670 0.4272 1.6502 0.6202 0.7937 3.2804 0.4671
1 -0.6881 -45.4229 1.1955 1.5148 1.8447 4.2453 -0.0184 0.4499
6 -23.6682 -27.1349 1.3095 1.6415 0.6650 0.6912 0.2460 0.4480
4 5.4281 17.5256 0.6343 1.6408 0.5508 0.7962 0.1151 0.4403
6 -36.7907 39.2550 0.5586 1.6787 0.6908 0.7253 3.3632 0.4366
6 -24.5775 -33.9747 1.4179 1.6788 0.5865 0.5229 3.0830 0.4346
4 19.3960 24.3796 0.3535 1.0956 0.5634 1.4734 2.2234 0.4167
1 -0.3097 -39.5196 1.0380 1.5076 1.8640 4.3953 -0.0850 0.4166
6 -29.2180 46.8282 0.2153 1.6552 0.5645 0.5368 3.0538 0.3927
1 -47.3366 36.7466 0.6119 1.5035 1.7731 4.0958 0.7826 0.3810
4 17.4756 23.6284 0.3299 1.1056 0.5262 1.6017 2.4674 0.3786
6 -45.7345 47.4720 0.6724 1.6374 0.6074 0.5156 -1.4612 0.3671
6 -37.6397 37.2227 0.8424 1.6496 0.6393 0.8907 3.4815 0.3585
6 -30.5866 46.9663 0.2070 1.7118 0.5561 0.5328 3.1713 0.3263
4 27.5602 31.0588 0.2180 1.0731 0.5988 1.7083 2.6257 0.2916
6 -41.0010 34.7449 0.9216 1.6483 0.6023 0.5641 2.9408 0.2713
6 10.1800 -49.3635 0.9153 1.6032 0.5575 0.5090 -0.0049 0.2689
3 -46.0795 -7.4149 2.2133 3.5500 3.0367 10.3626 0.9262 0.2600
1 -17.1296 -43.4576 1.4307 1.5488 1.8516 4.2191 3.2396 0.2591
6 -37.5027 39.5290 0.5205 1.6919 0.6027 0.5496 3.2715 0.2418
5 -25.2492 -19.9421 1.7316 2.4700 2.3877 3.2996 1.0070 0.2326
6 -30.1205 -21.9416 1.0054 1.5390 0.6121 0.5989 2.4115 0.2239
6 -27.5272 46.0866 0.3624 1.5412 0.5666 0.6307 3.3731 0.2158
1 -3.1384 -31.9435 1.0388 1.5460 1.8312 4.2189 -0.0846 0.2146
6 -27.7683 -41.6080 1.2553 1.6308 0.6058 0.5838 2.7078 0.2134
4 -29.6838 -26.6414 0.5913 1.3452 0.6385 1.3490 3.4547 0.2094
1 -44.9559 10.8621 0.6453 1.4855 1.9161 4.3742 1.2388 0.2027
6 -25.9298 48.7713 0.4396 1.6473 0.6629 0.7044 3.1132 0.1969
6 -19.3181 -36.9373 1.5521 1.6675 0.5781 0.5717 3.1196 0.1930
1 -2.2285 -49.7874 0.8899 1.4568 1.7742 3.9990 -0.1500 0.1878
6 -44.3194 -27.6499 1.3056 1.5597 0.5470 0.5143 3.8376 0.1823
1 -9.4035 -41.4370 1.0607 1.5331 1.8605 4.3795 -0.1307 0.1814
6 34.6896 45.0572 0.3866 1.7093 0.7925 0.7776 0.7353 0.1801
8 -44.9184 3.1215 0.7739 1.0901 0.5617 0.5339 0.7691 0.1797
6 -46.9431 47.3659 0.5709 1.6417 0.6513 0.6289 -0.3031 0.1766
