1 -6.8588 45.8649 0.5821 1.6679 1.9493 4.5038 0.4414 0.9005
1 -7.0246 -6.6229 1.0346 1.7653 2.2109 4.5793 -0.0176 0.8981
1 -28.0590 37.6413 0.6731 1.5524 1.8660 4.2968 3.7733 0.8959
1 -22.6794 40.6520 0.5468 1.4730 1.8927 4.4787 3.5264 0.8945
1 -32.8481 -3.2609 1.2194 1.5498 1.9753 4.4753 1.1300 0.8890
1 -37.6509 -1.0945 1.1565 1.4881 1.9354 4.4160 0.8359 0.8766
4 -30.6518 5.9265 1.1595 1.5781 0.6669 1.7059 -0.0715 0.8750
1 -27.7712 16.4385 1.1652 1.6185 1.9028 4.3096 0.8433 0.8678
1 -35.7641 4.8707 1.1910 1.5359 2.0138 4.7015 0.9317 0.8553
1 -16.6286 -29.5013 1.3757 1.7623 1.9737 4.4029 3.1559 0.8540
4 -11.9380 13.1363 1.0039 1.6881 0.7129 2.0592 3.5821 0.8515
1 -6.5101 -20.0657 0.8939 1.5476 1.8633 4.3035 0.0547 0.8500
6 7.6410 -28.1448 0.9659 1.6320 0.6355 0.5119 3.0245 0.8297
1 -3.2814 -11.1479 0.8536 1.6111 1.9687 4.3344 0.0412 0.8172
1 -3.2983 -17.9040 0.8927 1.6150 1.8827 4.2582 0.0372 0.8096
4 5.8883 -24.7193 0.9562 1.6123 0.7038 1.6699 0.0304 0.8049
4 6.4898 4.4345 0.6231 1.4991 0.6774 1.6539 0.0434 0.8015
3 -46.3208 -7.5284 2.2517 3.4875 3.0488 11.5439 0.9394 0.8002
4 7.5484 14.1526 0.6244 1.5153 0.7548 1.5893 0.3330 0.7963
4 -33.9696 38.3240 0.6791 1.6044 0.8000 1.7708 2.3418 0.7961
4 9.2194 8.8034 0.5986 1.0947 0.5663 1.5233 -0.0899 0.7901
6 -31.8404 -7.0811 1.3189 1.7052 0.5782 0.4947 -1.4679 0.7865
1 -46.4064 -12.0903 1.4318 1.4877 1.8690 4.2783 0.9469 0.7862
4 -33.4829 -6.8597 1.3074 1.6344 0.7300 1.6624 1.0988 0.7853
3 -42.9862 -0.1471 1.9374 3.0651 2.7864 8.2018 0.9429 0.7786
1 -0.1406 -5.8297 0.8269 1.4906 2.0453 4.3509 0.0465 0.7709
1 0.0684 -19.7985 0.8430 1.5139 1.9271 4.3594 0.0265 0.7638
4 3.8228 9.3318 0.6987 1.5553 0.8093 1.7850 -0.4963 0.7573
6 9.3623 -15.6964 1.0300 1.6943 0.7055 0.5378 -0.1301 0.7515
4 -5.9955 8.2392 0.8520 1.6171 0.7577 2.0706 -1.4042 0.7469
6 -29.8445 -5.1847 1.3110 1.7607 0.6628 0.6394 -1.4009 0.7449
1 -3.3824 -4.4736 0.9840 1.7910 2.2269 4.5125 -0.0102 0.7272
6 8.3717 -29.2600 1.0513 1.7313 0.7114 0.5488 2.9657 0.7241
1 -6.6665 -26.5829 0.9340 1.5297 1.8341 4.1902 -0.0158 0.7237
1 -41.4186 10.1483 1.1899 1.5576 1.9640 4.6446 0.8211 0.7152
6 -28.8971 44.8569 0.6704 1.6849 0.6910 0.6461 -1.4675 0.7053
1 -13.0794 -17.5070 1.1811 1.5445 1.8669 4.2732 3.0884 0.7035
5 12.2515 22.7901 0.5217 1.5106 1.3504 2.6465 0.7278 0.6760
4 8.0287 -15.5722 0.9615 1.5918 0.7329 1.5467 -0.0178 0.6727
4 6.0595 16.1565 0.6913 1.6177 0.5514 1.6332 0.0841 0.6604
4 6.8699 19.9314 0.5110 1.5180 0.6548 1.7351 0.2411 0.6542
1 -0.0461 -31.5461 1.1017 1.7798 2.1073 4.4365 0.0702 0.6535
4 16.2169 25.2448 0.4354 1.4933 0.6567 1.5701 0.2638 0.6503
1 -0.2964 -13.1840 0.8696 1.6350 2.1042 4.2708 0.0182 0.6492
4 6.2091 -33.4167 0.8379 1.5026 0.7827 1.6814 0.0267 0.6401
3 -46.8708 28.6977 1.4643 2.6234 2.3665 6.5291 4.0866 0.6392
4 4.8670 15.2993 0.6090 1.5197 0.8815 1.7766 0.1204 0.6307
4 7.7859 18.4897 0.5480 1.5439 0.5863 1.7222 0.3842 0.6283
4 5.5197 20.5226 0.5839 1.5301 0.9215 1.7608 0.4460 0.6230
6 -29.0520 46.0171 0.5270 1.6887 0.6190 0.5514 1.9936 0.6227
4 8.8250 17.4812 0.6083 1.5417 0.6351 1.5513 0.1857 0.6198
1 -3.4725 -44.3548 1.2890 1.6652 1.9069 4.3694 -0.0073 0.6188
1 -3.3208 -37.8633 0.9428 1.5087 1.7692 4.1110 -0.0514 0.6151
1 -6.6523 -13.6987 1.1676 1.8465 1.8958 4.2066 0.0340 0.6133
6 -30.2274 -22.0325 1.3800 1.7434 0.7133 0.6040 -0.0728 0.6105
1 -7.0115 -35.2476 1.0789 1.5330 1.8460 4.2903 -0.0185 0.6011
4 16.1563 22.5082 0.3394 1.1164 0.5232 1.4878 2.5311 0.5785
6 38.7630 49.3893 0.1017 1.6133 0.6120 0.5047 0.8509 0.5782
6 9.5327 -31.0717 1.0532 1.6806 0.5940 0.5102 0.0185 0.5652
1 -36.6792 -10.8486 1.2488 1.5023 1.8350 4.2372 3.9273 0.5648
4 5.4440 13.8372 0.6689 1.5418 0.6189 1.3830 0.2316 0.5646
6 25.8652 36.8035 0.1939 1.6257 0.6627 0.6293 1.0092 0.5614
6 39.6597 48.1669 0.1541 1.6694 0.6916 0.6045 0.9826 0.5600
6 8.8679 -30.8647 1.0615 1.6952 0.5586 0.5070 -0.0606 0.5587
4 25.0360 29.5712 0.1786 1.0626 0.5381 1.4486 2.7290 0.5570
4 26.1149 30.1877 0.1762 1.0542 0.5231 1.5575 2.6989 0.5562
2 -3.4320 -25.6494 1.7574 3.3834 2.9489 6.6515 0.0175 0.5398
4 16.9801 23.2999 0.3237 1.0988 0.5682 1.6276 2.4388 0.5342
6 -29.8569 -20.5864 1.2017 1.6839 0.6620 0.6853 4.0642 0.5274
1 -33.5200 -46.8744 1.5413 1.5554 1.8324 4.2978 -1.0738 0.5266
6 7.3163 15.9868 0.6336 1.6057 0.6493 0.6102 0.0556 0.5235
6 -36.4326 40.1699 0.4776 1.5874 0.5854 0.5411 4.5181 0.5132
6 -28.2153 46.4892 0.4985 1.6145 0.6435 0.6871 3.1069 0.4995
1 -0.7211 -45.3884 1.1718 1.5145 1.8464 4.2374 0.0019 0.4914
6 -23.6796 -27.1276 1.3149 1.6665 0.6465 0.6305 -0.1374 0.4831
6 -36.7983 39.5122 0.5582 1.5721 0.6047 0.5881 4.2524 0.4728
6 -37.5697 37.2975 0.8009 1.6710 0.6730 0.6209 -1.0506 0.4696
6 -30.0664 48.4954 0.3149 1.6360 0.5977 0.5085 2.5856 0.4673
1 -43.9538 3.6783 1.4589 1.6581 1.8979 4.4160 0.8365 0.4651
5 -29.1445 -17.0575 1.6961 2.2850 2.0101 3.2109 1.5281 0.4583
4 19.4043 24.3826 0.3746 1.1210 0.5799 1.4806 2.2096 0.4570
6 -27.8310 49.3849 0.5883 1.6336 0.5724 0.5255 3.4092 0.4371
6 5.6212 17.6422 0.6822 1.7059 0.6271 0.6079 0.1053 0.4315
1 -33.4692 43.4132 0.6556 1.5379 1.8751 4.2934 3.3985 0.4126
4 27.5740 31.0351 0.2882 1.0617 0.5942 1.6723 2.7171 0.4110
1 -0.6892 -39.5383 0.9889 1.4945 1.8206 4.2933 0.0519 0.4101
4 -31.9558 -22.4610 1.1620 1.1248 0.5409 1.5885 3.4060 0.4038
4 -42.7484 39.7750 0.6066 1.5868 0.6916 1.7999 3.8681 0.3982
4 17.4833 23.6048 0.3212 1.1049 0.5297 1.6334 2.5288 0.3971
6 -40.9377 34.7465 0.7740 1.6840 0.6811 0.6436 3.5233 0.3654
6 -24.7579 -35.0341 1.4414 1.6897 0.5537 0.5313 3.0344 0.3623
6 9.3852 -43.6513 0.8199 1.5606 0.6784 0.5742 -0.0470 0.3523
1 -49.2811 8.3523 0.9969 1.5368 1.9196 4.3536 0.9727 0.3358
6 -26.2944 48.6930 0.5317 1.6420 0.6251 0.5903 3.3365 0.3353
6 -23.1423 -24.8674 1.1063 1.5925 0.5947 0.9109 2.7997 0.3284
6 10.0339 -49.4144 0.8839 1.5863 0.5160 0.4619 0.9288 0.2813
1 -43.9907 11.8325 0.8748 1.4757 1.8546 4.3257 0.8721 0.2742
6 10.8411 -49.5917 0.7989 1.5307 0.5736 0.5292 0.5217 0.2436
6 -27.6910 -41.5316 1.4194 1.6686 0.6992 0.7067 2.3300 0.2407
6 -20.7812 -42.6634 1.4288 1.6583 0.5982 0.5794 3.1758 0.2372
1 -3.1475 -31.4933 0.9658 1.5543 1.8218 4.2156 -0.0810 0.2316
1 -49.7456 2.1367 1.2887 1.5145 1.8571 4.1499 0.9454 0.2183
6 -47.0227 47.3636 0.5086 1.6114 0.5832 0.5366 -0.3472 0.2074
1 -2.2444 -49.8070 0.9132 1.4845 1.7701 4.0122 -0.0890 0.1776
6 34.7151 45.0614 0.3922 1.7170 0.7816 0.7384 0.8340 0.1764
1 -7.9837 -41.5497 1.0413 1.5321 1.8401 4.3937 -0.1621 0.1724
