1 -24.7244 19.4586 1.1551 1.7035 1.9717 4.3919 0.7803 0.9177
1 -7.0106 -6.6263 1.0277 1.7535 2.1756 4.5864 -0.0166 0.8880
1 -32.4384 42.5647 0.5924 1.5933 2.1221 4.3805 2.3108 0.8719
1 -37.6559 -1.1137 1.1820 1.4829 1.9426 4.4094 0.8654 0.8707
1 -35.7252 4.8735 1.1747 1.5226 2.0027 4.7211 0.9464 0.8639
1 -30.0706 35.2582 0.7415 1.5456 1.8510 4.2554 3.8380 0.8635
4 5.9833 -23.2496 0.8949 1.6259 0.6911 1.6929 0.0904 0.8486
1 -6.5055 -20.0674 0.8903 1.5464 1.8658 4.2941 0.0561 0.8425
4 -33.0521 -6.5330 1.3178 1.6632 0.7469 1.8099 0.9759 0.8413
4 -12.9264 10.6648 0.9771 1.6724 0.7081 2.0018 3.4499 0.8280
1 -24.8009 36.5866 0.6336 1.5155 1.9155 4.5002 3.6550 0.8242
4 7.9365 -14.9635 0.9061 1.6059 0.8350 1.6728 -0.0689 0.8198
6 9.2659 -15.1007 1.0898 1.6977 0.6652 0.5227 -0.0336 0.8179
1 -0.1547 -5.8490 0.8333 1.4948 2.0595 4.3419 0.0433 0.8165
3 -42.9635 -0.1623 1.9092 3.0568 2.7621 8.1448 0.9353 0.8164
4 6.5057 4.4417 0.6274 1.5279 0.6920 1.6477 0.0346 0.8155
6 8.4586 -29.7653 1.0460 1.7241 0.6993 0.5598 3.6855 0.8147
1 -3.2957 -17.8983 0.8936 1.6050 1.8699 4.2382 0.0340 0.8124
1 -3.2914 -11.1378 0.8557 1.5978 1.9598 4.3331 0.0332 0.8047
1 -16.6207 -31.4966 1.4332 1.6527 1.8557 4.2948 3.0666 0.8043
6 7.6573 -28.6372 0.9874 1.6327 0.6628 0.5231 3.1158 0.8043
4 9.2199 8.8221 0.6125 1.1023 0.5578 1.5178 -0.0595 0.7885
6 -31.8336 -7.0947 1.2964 1.6878 0.5657 0.4747 -1.3947 0.7841
4 -7.5527 8.3594 0.8378 1.6164 0.7780 2.1397 -1.4896 0.7789
3 -46.3883 -7.5683 2.1952 3.4688 2.9791 10.7783 0.9653 0.7576
4 7.5449 14.1743 0.6150 1.5112 0.7883 1.5211 0.2354 0.7448
1 -39.9850 6.8580 1.3733 1.6841 1.9758 4.5239 0.9657 0.7437
4 3.1062 9.6381 0.6887 1.5691 0.7441 1.8173 -0.9760 0.7432
6 9.3777 -30.4271 1.0410 1.6844 0.7423 0.5390 -0.0408 0.7397
1 -3.3848 -4.4592 0.9816 1.7932 2.2171 4.5046 -0.0093 0.7344
1 -6.6702 -26.5820 0.9309 1.5310 1.8568 4.2115 -0.0065 0.7318
4 -30.6868 6.2255 1.1794 1.6037 0.6307 1.7051 -0.1063 0.7280
1 0.0500 -19.7926 0.8492 1.5182 1.9332 4.3723 0.0225 0.7187
1 -31.7804 -2.8294 1.1647 1.5286 1.9985 4.5568 1.1845 0.7039
1 -45.1424 -11.1648 1.4014 1.4768 1.8477 4.2349 0.8865 0.7023
6 -27.8672 49.2430 0.4916 1.6408 0.6950 0.5825 2.9668 0.6967
5 12.2355 22.8044 0.5111 1.5408 1.2996 2.7676 0.7719 0.6937
6 -29.7769 -5.1705 1.2890 1.7534 0.6287 0.5685 -1.2937 0.6807
1 -0.0576 -31.5368 1.1188 1.8026 2.1087 4.4362 0.1004 0.6806
4 6.2217 -32.3915 0.8604 1.5187 0.7467 1.6936 0.0518 0.6781
4 8.7729 17.5003 0.5806 1.5203 0.6912 1.5377 0.1411 0.6674
3 -46.9150 28.6690 1.4736 2.6561 2.4562 7.0726 4.0671 0.6652
4 16.2366 25.2358 0.4149 1.5131 0.6657 1.5832 0.3562 0.6648
4 7.7634 18.4575 0.5712 1.5232 0.6164 1.7118 0.3230 0.6476
1 -40.3535 11.4947 1.1439 1.5875 1.9256 4.6082 0.6618 0.6407
1 -3.4125 -37.8476 0.9362 1.5361 1.8102 4.1879 -0.0371 0.6299
1 -12.9404 -21.2192 1.1436 1.5620 1.8752 4.3844 3.1126 0.6280
4 -31.8956 -22.3789 1.1529 1.1059 0.5256 1.6480 3.5138 0.6210
6 -37.5764 37.2493 0.7981 1.6768 0.6723 0.5649 2.9794 0.6199
4 5.5086 20.5297 0.5980 1.5142 0.9330 1.7442 0.4051 0.6138
1 -6.6665 -13.6656 1.1679 1.8710 1.9245 4.2370 0.0105 0.6097
6 -30.1961 -22.0372 1.4119 1.7375 0.7535 0.6038 0.0580 0.6097
1 -0.2656 -13.2098 0.8717 1.6324 2.1310 4.3046 0.0003 0.6088
4 7.2761 16.0397 0.6222 1.6064 0.7295 1.1602 0.1608 0.6045
1 -3.4587 -44.0940 1.3030 1.6907 1.8538 4.2877 -0.0247 0.6027
4 4.8468 15.5267 0.6641 1.5089 0.8201 1.7328 0.0557 0.6011
6 -28.2691 46.5176 0.4462 1.6562 0.6025 0.6067 3.0868 0.5952
1 -7.0173 -35.2386 1.0879 1.5364 1.8427 4.2849 -0.0263 0.5934
4 24.3541 35.8552 0.1499 1.4906 0.5825 1.7047 0.6072 0.5926
6 -26.1508 48.7339 0.3913 1.6711 0.6756 0.5762 3.0502 0.5917
4 6.0573 16.0689 0.7219 1.6107 0.5394 1.2140 0.1054 0.5890
1 -33.4623 -46.9545 1.5256 1.5486 1.8684 4.3182 2.0697 0.5780
6 -29.0433 46.0293 0.5930 1.6812 0.5814 0.5514 3.0381 0.5625
4 16.1578 22.5205 0.3856 1.1459 0.5297 1.4963 2.5368 0.5622
6 38.7745 49.4170 0.0878 1.6100 0.5846 0.4900 1.0786 0.5481
4 5.4712 13.8634 0.6731 1.5300 0.6653 1.5533 0.3159 0.5477
2 -3.3419 -25.6457 1.7706 3.3564 2.8689 6.8315 -0.0110 0.5402
4 25.0406 29.5830 0.1952 1.0539 0.5290 1.4507 2.7191 0.5386
6 -28.8895 44.8437 0.6874 1.6525 0.5751 0.5312 3.0871 0.5186
6 -24.5730 -34.6907 1.4165 1.7319 0.5838 0.5491 3.0446 0.5173
6 39.5800 48.1255 0.1580 1.6844 0.7108 0.6081 0.5872 0.5010
4 26.1089 30.2043 0.1727 1.0430 0.5302 1.5603 2.6445 0.4983
4 -23.7028 -27.1333 1.3177 1.5838 0.6766 0.9547 2.6324 0.4865
4 17.0187 23.2915 0.3399 1.1071 0.5408 1.5382 2.4099 0.4825
4 6.8036 19.9135 0.5790 1.5465 0.5785 1.2474 0.0999 0.4816
6 -29.2061 48.6876 0.3279 1.6207 0.5795 0.5373 3.1015 0.4776
1 -48.3244 4.0277 1.5828 1.6145 1.9017 4.3561 1.0580 0.4728
4 -38.6646 -21.6913 1.1874 1.0863 0.5664 1.6772 3.1855 0.4727
6 -27.1186 46.7589 0.4646 1.6705 0.6354 0.8787 3.2763 0.4679
1 -0.6935 -45.4203 1.2161 1.5193 1.8481 4.2559 -0.0120 0.4624
4 -36.8465 39.1761 0.6208 1.5407 0.7465 1.7203 2.9368 0.4622
6 5.5614 17.6335 0.7115 1.6491 0.5947 0.6345 0.1154 0.4578
4 -22.2164 -26.6937 1.1967 1.5190 0.6239 1.6253 2.6738 0.4524
1 -36.6640 -10.8684 1.2856 1.4830 1.7777 4.0826 4.6746 0.4518
4 19.3989 24.3807 0.3551 1.1299 0.5849 1.5067 2.2076 0.4247
6 -45.7242 47.4291 0.6334 1.6311 0.6119 0.5195 -0.8291 0.4205
6 -36.4371 40.2732 0.5523 1.5660 0.5773 0.5691 2.9824 0.4186
6 -40.9348 34.7599 0.8670 1.6602 0.6822 0.5680 -1.0080 0.4116
6 -34.0072 38.2672 0.7052 1.6134 0.6231 0.5490 3.0776 0.4112
1 -16.6258 -41.2398 1.2022 1.5881 1.8378 4.2466 3.0594 0.3986
1 -0.3030 -39.2846 0.9722 1.4493 1.8217 4.2229 -0.0737 0.3939
6 -26.5477 47.9282 0.3677 1.5981 0.6329 0.7273 3.0522 0.3916
6 -29.9189 48.4805 0.3926 1.6496 0.5802 0.5463 3.1112 0.3693
5 -27.7196 -17.9814 1.6263 2.2351 1.8662 3.4791 2.5528 0.3442
6 -44.3829 38.3346 0.6530 1.5559 0.6649 0.9859 4.1398 0.3435
6 10.1649 -49.3860 0.8518 1.6393 0.5641 0.4777 1.8076 0.3273
6 9.3241 -42.8531 1.0184 1.6181 0.6514 0.5920 0.0126 0.3192
4 27.5495 31.0486 0.2435 1.0803 0.6127 1.7103 2.6685 0.3078
6 -27.7200 -41.5423 1.2554 1.6329 0.6591 0.6064 2.1857 0.2864
6 -20.8533 -43.8825 1.5270 1.6617 0.5970 0.5625 3.5678 0.2620
6 -47.0095 47.3787 0.5055 1.6235 0.6086 0.5491 0.0178 0.2587
6 -27.5117 46.0768 0.4348 1.5845 0.5587 0.6070 3.3532 0.2541
1 -45.9674 9.4075 0.9735 1.5255 1.8837 4.3662 1.2157 0.2027
6 34.7203 45.0604 0.3941 1.7458 0.8151 0.7895 0.8381 0.2011
4 -26.2517 -44.8509 1.6508 1.5980 0.7441 1.2423 2.0048 0.2009
1 -3.1496 -31.4935 1.0026 1.5547 1.8212 4.1951 -0.0634 0.1913
1 -8.4000 -41.6111 1.0306 1.5198 1.8317 4.3058 -0.1254 0.1858
4 26.7336 30.9689 0.2077 1.1122 0.5792 1.5508 2.7757 0.1764
4 -34.7474 38.2504 0.7988 1.4629 0.7143 1.8959 3.1645 0.1720
1 -2.2191 -49.8032 0.8943 1.5010 1.7722 4.0200 -0.0961 0.1712
