1 -3.95033 18.8354 0.730366 1.76923 2.10071 4.23328 3.1588363267948965 1
1 4.98919 40.6291 0.711098 1.73529 1.99796 4.4676 -0.29446367320510336 2
1 10.6218 5.71793 0.99192 1.53503 1.834 4.62947 -0.07501367320510344 3
1 -12.4861 -25.7889 0.361435 1.48407 1.94082 4.65727 3.9607763267948966 4
1 15.7404 4.22857 1.14259 1.45115 1.97314 4.10606 1.5956888267948965 5
1 -4.03539 -4.32863 0.878013 1.82426 1.89659 4.29397 3.1315863267948965 6
1 -4.04192 34.2682 0.646036 1.96386 2.26513 4.68787 3.1570063267948965 7
1 -0.599213 -32.3295 0.899123 1.61818 2.14165 4.9579 0.016766326794896536 8
1 -25.429 -27.0291 0.182499 1.54953 1.79778 4.27438 1.2906693267948965 9
1 16.4004 47.8948 0.889254 1.44117 1.81489 4.79037 1.5941459267948965 10
1 12.4727 19.0857 0.942288 1.53494 1.81786 3.92166 1.6255651267948965 11
1 10.0249 44.0754 0.634345 1.4902 1.82453 4.43711 1.2740203267948966 12
1 15.5645 10.0446 1.19346 1.84305 1.89452 4.23273 1.5812381267948965 13
1 -0.283773 65.6898 0.312448 1.46276 1.98442 4.27186 0.013876326794896476 14
1 16.3715 15.0635 1.17539 1.67516 1.82393 5.03108 1.5922872267948966 15
1 -3.54369 66.7124 0.239823 1.56781 1.89598 4.27497 3.1653863267948967 16
1 15.5499 1.3196 1.3442 1.86251 1.6319 4.21296 1.6626941267948965 17
2 11.6729 -27.0158 1.55834 2.4146 2.49528 6.2354 -0.1439136732051034 18
1 12.3551 24.9214 0.997479 1.71563 1.89066 4.23407 1.5960404267948967 19
1 -3.9262 51.4417 0.274776 1.43361 1.86881 4.25494 3.1796963267948968 20
1 16.2964 7.36643 1.14684 1.46889 1.82151 4.21206 1.5906889267948965 21
1 30.1883 -0.812898 1.69463 1.56223 1.72397 4.63031 1.4322073267948965 22
1 10.1775 50.0313 0.559155 1.51444 1.80462 4.20396 1.4224373267948967 23
4 2.84165 45.9668 0.491047 1.46433 0.583647 1.61066 0.16177632679489662 24
1 16.1353 -1.14207 1.12324 1.54405 2.04065 4.29608 1.5424757267948965 25
4 -7.38911 -47.7807 0.72594 1.50481 0.617659 1.75218 3.2216863267948965 26
1 15.185 58.9267 0.760016 1.45542 1.99628 4.21663 1.8035893267948966 27
4 -5.35616 -53.0039 0.893337 1.49914 0.816272 1.81531 3.1984763267948964 28
1 17.862 69.2909 1.02092 1.51395 1.78938 4.24513 -1.5372536732051034 29
5 17.1089 27.7948 1.30253 1.58987 1.14004 2.73409 -1.5269636732051035 30
4 1.28697 43.601 0.508897 1.58783 0.684296 1.75286 0.08212632679489662 31
1 16.4544 64.4576 0.851297 1.56305 1.84499 4.23119 4.601176326794897 32
2 9.73798 68.348 1.11118 2.56119 2.14344 6.07233 -1.5076336732051034 33
1 16.4381 75.2164 0.985145 1.54026 1.9013 4.2184 1.5819862267948965 34
8 13.6541 -10.3814 0.71572 0.726894 0.307082 0.304797 3.1115063267948964 35
8 13.5477 -11.5287 0.766608 0.835044 0.340221 0.39041 3.1115063267948964 36
8 13.6327 -13.3293 0.714475 0.729384 0.340221 0.304797 3.1115063267948964 37
8 13.657 -15.5381 0.72032 0.717693 0.340221 0.304797 3.1115063267948964 38
8 13.7321 -17.9409 0.732813 0.692707 0.340221 0.304797 3.1115063267948964 39
8 13.6571 -20.5988 0.729313 0.699708 0.340221 0.304797 3.1115063267948964 40
8 13.7472 -22.1504 0.715999 0.726335 0.363365 0.320415 3.1115063267948964 41
8 13.6667 -1.22698 0.746468 0.665397 0.307082 0.304797 3.1115063267948964 42
8 13.904 -3.0791 0.716368 0.725597 0.307082 0.304797 3.1115063267948964 43
8 -9.95895 -35.1039 0.088942 0.657528 0.374028 0.331443 -0.0322836732051035 44
8 -9.56349 -37.0486 0.088942 0.657528 0.349143 0.331443 -0.0322836732051035 45
8 -9.50679 -38.8195 0.088942 0.657528 0.366152 0.331443 -0.0322836732051035 46
4 30.0067 33.8952 1.29123 1.19699 0.813078 1.85236 1.5911524267948967 47
4 30.2516 32.5431 1.26943 1.12114 0.867845 1.8776 1.5017752267948965 48
1 -3.98984 86.032 0.196957 1.53599 1.82957 4.22914 3.1653863267948967 49
1 21.736 14.8721 1.36388 1.82067 1.39055 4.93522 1.6742053267948966 50
1 28.4033 14.6157 1.83794 1.59658 1.84654 4.21711 1.5338418267948966 51
8 5.02657 -40.0659 0.773885 0.87353 0.371752 0.381157 3.0083263267948963 52
8 5.09212 -38.3211 0.773885 0.87353 0.371752 0.381157 3.0083263267948963 53
8 5.50075 -47.0192 0.773885 0.87353 0.371752 0.381157 3.0083263267948963 54
2 9.82086 74.9621 0.593339 1.9833 2.38497 6.11205 -1.5458936732051036 55
1 12.4412 55.7959 0.608745 1.49167 1.86467 4.27043 1.6289388267948965 56
2 9.65877 78.7692 1.22884 2.19069 2.8355 6.2324 -1.5212636732051035 57
2 9.60027 78.8088 1.00143 2.31887 2.8086 6.15491 -1.5212636732051035 58
2 10.2397 86.4093 0.325944 2.18496 2.35514 6.42028 4.690626326794897 59
