1 12.5606 -4.69579 1.14581 1.72605 1.93407 4.37579 1.5672246367948965 94
1 12.547 -10.535 1.15919 1.65599 1.85123 3.76512 1.6430694267948966 93
1 -3.77077 26.4288 0.551336 1.51636 2.06771 4.43646 3.1841663267948963 7
1 5.09163 11.1553 0.905779 1.89095 1.88326 4.79688 -0.2907736732051034 163
1 -3.57973 9.42741 0.690139 1.48439 1.86151 4.29964 3.1685563267948966 1
1 16.6228 18.1783 1.0323 1.40673 1.82341 4.486 1.6056515267948965 164
1 -3.90159 -9.12705 0.758605 1.58321 1.84089 4.33849 3.124726326794897 6
1 -3.94014 -25.7043 1.10141 1.9902 1.95718 4.38415 3.1135763267948966 91
1 10.81 -23.7824 1.1128 1.58379 1.96429 4.36231 -0.05194367320510351 165
1 15.6723 -19.7297 1.33695 1.70923 1.87096 4.21492 1.5900837267948966 143
1 -3.99486 -42.0772 1.08405 1.71883 1.87556 4.27776 3.1212663267948964 135
1 -0.363423 -39.5225 1.11516 1.71661 2.21276 4.9482 0.032776326794896615 113
1 -3.2847 53.4365 0.378248 1.40609 1.99283 4.43838 3.2197963267948966 71
1 15.8863 -25.5594 1.26319 1.58244 1.87088 4.32178 1.6027895267948966 158
1 21.9199 -14.9744 1.50601 1.76448 1.99977 5.15574 1.5993730267948965 166
1 10.2793 14.3215 0.849714 1.46853 1.81435 4.22079 1.2698173267948967 66
1 16.3183 -14.4596 1.31337 1.79967 1.81885 4.35971 1.5704437697948965 114
1 0.594361 71.5504 0.371877 1.64631 1.87662 4.24069 0.04598632679489656 14
4 4.5551 33.089 0.638677 1.53246 0.732866 1.78288 -0.09615367320510337 31
2 10.1501 38.3083 1.23007 2.68202 3.21153 6.06892 -1.4514936732051034 167
5 17.0968 -1.96605 1.34362 1.88712 1.18873 2.98416 -1.5672636732051033 168
1 11.5701 26.3348 0.798753 1.43672 1.81378 4.15837 1.4917103267948966 19
1 28.5399 -15.3832 1.78514 1.98422 2.09301 4.6745 1.5775689067948966 117
1 16.6393 39.4688 1.05696 1.79968 1.8757 4.37484 4.642416326794896 90
1 15.7701 -22.496 1.20388 1.50729 1.86447 4.24622 1.5913400267948965 152
1 16.7371 28.8958 0.920089 1.54957 1.95134 4.44759 1.5536472267948966 134
1 15.9573 -28.3816 1.45116 1.95096 1.80791 4.33079 1.5820652267948965 169
3 -14.0824 70.6393 0.562323 2.61259 2.74347 6.96944 2.7200263267948968 170
4 2.58972 37.054 0.632158 1.55325 0.756523 1.53812 0.2463563267948965 24
1 15.8041 34.5071 0.948992 1.52752 1.86337 4.24071 1.6416289267948965 112
4 -7.31798 25.7733 0.416247 1.4753 0.618932 1.63821 3.1805263267948964 171
4 -8.60794 27.8855 0.389193 1.51356 0.727866 1.6454 3.0825463267948967 172
1 17.4238 32.3017 0.948403 1.41667 1.82484 4.22416 1.5517536267948966 173
2 10.5489 45.1112 1.05617 2.23282 2.26451 6.00658 -1.5621736732051033 151
2 10.9559 51.2436 1.03279 1.92167 2.4007 6.08571 -1.5621736732051033 142
2 11.013 57.4136 0.836848 2.12241 2.28259 6.00639 4.670936326794896 121
1 16.6676 -30.7436 1.38133 1.56529 1.99587 4.47705 1.5820652267948965 174
8 13.6739 -40.1 0.829617 0.703949 0.361714 0.355983 3.1128963267948966 144
8 13.5567 -41.2966 0.829617 0.703949 0.361714 0.355983 3.1128963267948966 175
8 13.721 -43.1557 0.829617 0.703949 0.361714 0.355983 3.1128963267948966 159
8 13.6092 -45.2708 0.820486 0.722209 0.361714 0.355983 3.1128963267948966 176
8 13.62 -47.6068 0.826317 0.710548 0.43678 0.355983 3.1128963267948966 177
2 11.6254 -56.8784 1.31936 1.93214 2.00258 6.2067 -0.1946336732051035 178
4 -7.32262 80.0971 -0.08847 1.70568 0.998583 1.77752 3.2432463267948966 179
5 31.9346 15.7562 1.27411 1.04484 1.08701 2.2814 0.5812033267948966 160
5 30.3468 7.91799 1.29105 1.08938 0.922592 2.49464 1.7154683267948965 180
4 30.1552 4.10115 1.3468 1.24006 0.843301 1.72772 1.6657048267948966 162
4 30.4433 2.67825 1.33644 1.21934 0.706976 1.76226 1.6657048267948966 181
1 29.9954 -30.8646 1.68137 1.52145 1.80246 4.28383 1.6247440267948965 182
1 28.45 -25.3944 1.68137 1.52145 1.80246 4.28383 1.6359812267948965 183
1 16.8839 45.3527 1.03043 1.79707 1.88523 4.16692 4.6881963267948965 69
1 17.8103 48.0878 0.779156 1.57428 1.7902 4.03047 -1.5205036732051034 10
