1 11.5824 15.7 0.853021 1.53241 1.89417 4.29917 1.5572048267948966 66
1 12.5201 -15.1746 1.18735 1.69958 1.95767 4.25935 1.5875283267948965 149
1 10.0235 9.70127 0.859089 1.52585 1.8482 4.54381 1.5422865267948966 203
1 16.4206 7.74949 1.06858 1.50837 1.85941 4.31616 1.6353615267948967 204
1 -4.0785 -29.369 0.884415 1.53668 2.02865 4.36294 3.1409963267948964 91
1 -3.88947 6.57497 0.692539 1.48269 1.96505 4.25143 3.1496163267948964 1
1 10.89 -34.3014 1.15845 1.56001 2.05517 4.43507 -0.0288936732051035 205
1 -3.6214 -11.3475 0.83284 1.52148 1.87429 4.26138 3.1434363267948964 6
1 5.08769 1.01007 0.985664 1.89058 2.28054 4.98061 -0.2857236732051034 206
1 12.7988 -21.0021 1.13488 1.62121 1.79253 4.28388 1.6023561267948965 143
1 16.6271 29.166 1.18562 1.84062 2.14952 4.32153 4.659346326794896 134
1 -0.234571 -41.0943 1.14402 1.64132 2.16908 4.9765 0.034856326794896475 113
1 16.2669 24.0223 0.961254 1.6726 1.84851 4.3297 1.6431404267948966 147
2 10.088 27.9122 1.29098 2.64292 2.89752 6.03813 -1.4987036732051036 207
1 10.2223 3.94795 0.896443 1.63085 2.10936 4.34994 1.2824973267948965 5
5 17.1597 -12.4433 1.37619 1.87293 1.26763 3.09473 -1.5673136732051036 208
1 -4.04001 -45.9742 1.20677 1.81809 2.00818 4.34961 3.1344263267948964 135
1 16.6395 18.47 1.0157 1.5479 1.80968 4.29796 1.5686847167948965 164
1 15.9152 -36.0298 1.32021 1.55276 1.87331 4.2498 1.6498939267948967 188
4 4.62481 28.9182 0.705441 1.57454 0.714701 1.74629 -0.0930736732051034 31
1 15.7626 -30.1405 1.34301 1.82183 1.98851 4.27892 1.5541292267948965 174
1 15.7674 -32.9065 1.21165 1.47948 1.85146 4.21137 1.6023275267948967 209
2 22.0179 -25.3794 1.61061 1.72952 1.84368 5.04827 1.5773286467948966 210
1 28.3953 -25.7145 1.81881 1.83051 1.86557 4.39098 4.655546326794896 183
1 18.4553 21.6745 1.01226 1.46095 1.84308 4.23279 1.5922276267948965 211
1 16.7224 -25.0646 1.30586 1.60303 1.86277 4.27605 1.5961101267948965 158
4 2.83576 34.8065 0.628726 1.56729 0.619075 1.71452 -0.0397736732051035 24
4 -7.59198 9.4243 0.474053 1.5821 0.780006 1.71555 3.0297063267948965 212
4 -8.61473 11.9821 0.489548 1.50784 0.746684 1.73933 3.1112663267948966 213
2 10.5644 34.826 1.13925 2.4173 2.47701 6.02256 -1.5705736732051037 186
2 10.904 40.8355 1.00155 2.31519 2.06087 6.02677 4.700756326794897 167
2 10.9649 46.8088 0.865812 2.03166 2.11721 6.09752 -1.5539036732051033 151
8 13.7206 -50.6276 0.931873 0.723687 0.375874 0.389916 3.156796326794897 197
8 13.5215 -51.5018 0.931873 0.723687 0.375874 0.389916 3.156796326794897 198
1 15.8757 -38.873 1.49788 1.84538 1.8219 4.36508 1.6418836267948966 214
1 16.3731 -41.236 1.49788 1.84538 1.8219 4.36508 1.6418836267948966 215
1 30.2071 -41.2646 1.49788 1.84538 1.8219 4.36508 1.6418836267948966 216
4 30.4712 -7.85175 1.30879 1.05293 0.686578 1.85293 1.5543985267948965 217
4 30.2283 -6.29794 1.33356 1.10247 0.686578 1.85293 1.5543985267948965 200
5 30.2108 -2.39372 1.28689 1.15413 1.10274 2.1865 1.7131733267948965 218
5 31.8087 5.38619 1.3038 1.1023 0.895106 2.20912 0.5793123267948965 199
4 -7.22602 63.6478 0.0534047 1.65778 0.826024 1.81545 3.1922363267948963 219
1 0.690697 73.073 0.35597 1.62425 2.03446 4.20481 0.054146326794896504 14
1 10.8465 84.4667 0.434869 1.55064 1.83252 4.21994 1.6065389267948966 220
1 -3.50524 31.3338 0.48271 1.51713 2.12056 4.21137 3.2015863267948967 7
2 12.4941 51.2189 1.31646 3.07768 2.96172 6.76552 -1.5282136732051033 142
1 17.9474 34.9925 1.08216 1.81414 1.88458 4.21908 1.5700100167948965 112
1 18.4516 37.0378 0.868282 1.53544 1.87709 4.29464 4.711606326794897 90
