1 -24.8391 19.7731 1.1122 1.6671 1.9557 4.7414 0.8046 0.8928
1 -26.3626 -2.7869 1.0777 1.5800 2.0745 4.5788 1.7059 0.8907
1 -35.7303 4.9035 1.2602 1.5145 2.0124 4.8189 0.9554 0.8869
1 -3.2678 -11.1229 0.8574 1.5621 1.9710 4.2816 0.0040 0.8833
1 -28.1084 37.1479 0.8208 1.6554 1.9805 4.7350 3.7606 0.8697
1 -0.1179 -5.7348 0.7996 1.5080 1.9765 4.2442 0.0333 0.8532
1 -3.3022 -17.8462 0.8992 1.6007 1.8526 4.0822 0.0150 0.8425
4 17.8922 30.6980 0.3939 1.6263 0.6993 1.7217 -0.5418 0.8414
1 -37.6852 -1.0992 1.1931 1.4603 1.9797 4.6784 0.8964 0.8392
6 8.8962 -12.1131 1.0886 1.6674 0.6396 0.6516 -0.0195 0.8271
1 -37.5788 8.2340 1.2241 1.4693 1.8809 4.4789 1.0046 0.8268
4 -30.7338 6.5988 1.2014 1.6292 0.6765 1.7296 -0.1367 0.8226
4 6.3263 -27.2462 0.8408 1.5693 0.7181 1.6617 0.0320 0.8211
1 -38.1081 11.2789 1.4226 1.8919 2.1433 5.0359 0.9178 0.8170
1 -44.5712 22.6082 0.9812 1.6138 1.8897 4.3295 4.0753 0.8162
1 -12.4538 -41.8249 1.3247 1.5775 1.8760 4.2676 3.0934 0.8083
1 -6.7299 -26.2509 0.9411 1.5813 1.8634 4.2799 -0.0182 0.8007
4 9.2217 8.7650 0.5474 1.1208 0.5407 1.5990 -0.0994 0.7951
6 8.1096 -31.1537 1.0140 1.7465 0.6605 0.5538 3.0551 0.7939
6 8.7837 -27.6522 1.1473 1.7130 0.7311 0.6377 0.0113 0.7894
4 7.2827 16.1151 0.6847 1.6609 0.7726 1.6892 0.2328 0.7889
4 -16.7530 8.3889 1.0448 1.7368 0.7961 2.2604 -1.4958 0.7852
3 -43.1573 -0.2892 2.0959 3.1865 2.8846 8.5679 1.0634 0.7778
1 0.0476 -19.7354 0.8231 1.5278 1.9058 4.2945 0.0756 0.7776
6 -31.8725 -7.0728 1.2431 1.7019 0.6309 0.5888 -1.1749 0.7731
6 -28.7789 44.7992 0.6866 1.7475 0.6672 0.5855 -0.2840 0.7726
1 -7.0434 -6.6313 1.0371 1.7302 2.1593 4.7752 0.0022 0.7721
1 -3.3630 -4.4515 0.9316 1.7480 2.1417 4.4740 -0.0130 0.7717
4 -16.6717 -2.5740 1.0265 1.7374 0.7495 1.9811 0.0914 0.7664
6 8.4014 -31.7142 1.0358 1.7165 0.6049 0.5161 3.0333 0.7588
4 7.6121 14.2263 0.6654 1.5351 0.7812 1.5583 0.2309 0.7553
4 16.2243 25.2510 0.4022 1.5550 0.6949 1.5187 0.3533 0.7500
4 4.8736 15.3229 0.6243 1.5290 0.8713 1.6962 0.0484 0.7448
1 -6.4546 -20.1496 0.9224 1.5431 1.9030 4.3116 0.0238 0.7415
1 -3.3761 -37.8912 0.9320 1.5445 1.8124 4.1472 -0.0275 0.7415
6 -31.7735 -19.1878 1.2307 1.6672 0.5734 0.5025 1.7522 0.7413
6 9.0986 -31.9662 1.0155 1.6773 0.6610 0.5689 -0.0628 0.7233
4 -4.4253 6.6042 0.8793 1.6110 0.7229 1.8558 4.3092 0.7223
4 5.9330 -16.8960 0.8417 1.6360 0.6651 1.6359 0.0725 0.7164
6 -27.8076 48.9571 0.4032 1.6926 0.6235 0.5492 2.9297 0.7110
4 6.8832 19.8690 0.4981 1.5743 0.6043 1.5989 0.0909 0.7104
4 6.5245 4.5531 0.6388 1.3273 0.5802 1.6458 0.1200 0.7074
1 -6.6958 -14.1865 1.1576 1.8531 1.9587 4.3446 -0.0105 0.7034
1 -39.7715 14.7930 1.0820 1.5410 1.8088 4.3273 0.1714 0.6988
4 -38.6696 -21.6388 1.1807 1.0692 0.5794 1.6413 3.1728 0.6955
1 -49.0964 -13.8561 1.6661 1.6516 1.9599 4.4982 0.8806 0.6943
4 8.8285 17.3580 0.5673 1.5637 0.7249 1.5788 -0.0827 0.6873
4 -34.0617 38.4140 0.6969 1.5956 0.7708 1.8679 -0.7062 0.6859
6 -29.0840 46.0860 0.4371 1.7149 0.6441 0.6249 0.8110 0.6782
4 -31.9020 -22.4824 1.1088 1.1249 0.5285 1.6470 3.4198 0.6772
1 -45.5703 17.8897 0.9817 1.5597 1.8817 4.3986 4.1573 0.6761
1 -40.4381 -7.4095 1.2646 1.5194 1.8758 4.3272 0.9676 0.6698
4 -24.8738 47.6468 0.5614 1.6643 0.7552 1.7066 3.3500 0.6658
4 -30.3898 -18.1400 1.1713 1.6992 0.7201 1.6146 2.3322 0.6605
1 -10.5431 37.4120 0.8076 1.6824 1.8906 4.0794 0.5098 0.6546
6 7.8146 -11.7601 0.9700 1.7072 0.6943 0.8605 0.2568 0.6535
6 -32.2364 -4.7071 1.2890 1.6485 0.6185 0.5684 -1.2156 0.6527
4 -20.6709 -36.3505 1.2011 1.5259 0.6753 1.6392 3.2106 0.6500
1 -33.6048 -46.8583 1.6596 1.4974 1.7912 4.1497 -1.1612 0.6460
1 -0.2452 -13.2651 0.8472 1.6443 2.0858 4.2101 0.0216 0.6430
1 -3.4029 -44.3161 1.2440 1.6962 1.8418 4.2605 0.0009 0.6216
6 -28.3724 46.6051 0.4507 1.7121 0.6302 0.6231 3.1652 0.6127
6 -30.2751 -21.9385 1.4280 1.7448 0.7105 0.7548 1.6297 0.6124
4 -27.1901 46.7113 0.5120 1.6400 0.7150 1.3482 3.4302 0.6114
2 -3.3532 -25.6602 1.8780 3.2463 2.7559 6.5053 0.0026 0.6066
4 6.0719 16.1844 0.6806 1.6478 0.6264 1.6028 0.0122 0.5889
4 16.1423 22.5353 0.3157 1.1151 0.5814 1.5208 2.6875 0.5823
3 -47.1331 28.5967 1.5661 2.6724 2.6260 7.0813 4.1722 0.5822
4 -26.3785 48.6829 0.4383 1.7154 0.7649 1.2439 3.3853 0.5771
1 -0.0377 -31.6423 1.0486 1.7391 2.0170 4.4484 0.0466 0.5725
5 12.2989 22.7124 0.5191 1.4379 0.9490 2.2379 0.7738 0.5596
6 -29.8108 -5.1490 1.4455 1.7545 0.6162 0.5251 -0.7867 0.5568
6 -25.4757 -42.4387 1.4591 1.6907 0.6442 0.5992 3.5020 0.5522
6 38.7315 49.4197 0.1376 1.6143 0.6088 0.5421 0.0658 0.5467
6 -27.7300 -47.7182 1.4274 1.6392 0.5966 0.5511 3.5732 0.5447
4 25.0657 29.7203 0.3197 1.0814 0.5533 1.5649 2.6823 0.5342
6 40.0900 47.3219 0.1364 1.6632 0.6815 0.5767 0.8668 0.5340
1 -7.2008 -35.3763 1.0525 1.5285 1.8076 4.1891 0.1276 0.5262
1 -16.6457 -36.8516 1.5419 1.6417 1.8450 4.2911 3.0421 0.5183
4 8.1017 19.8504 0.5384 1.5517 0.6155 0.9217 0.2560 0.5180
6 -24.6394 -33.6067 1.4494 1.6744 0.6628 0.6059 3.1172 0.5178
4 19.3389 24.3965 0.3033 1.2006 0.5744 1.5545 1.9935 0.5031
6 -37.5546 37.2356 0.6951 1.7235 0.6899 0.6058 0.1328 0.4959
4 25.8565 30.2821 0.3248 1.0815 0.5827 1.6565 2.6963 0.4938
1 -0.7136 -44.7403 1.1675 1.5269 1.8247 4.2463 -0.1241 0.4851
6 -26.2392 -41.9597 1.5661 1.7073 0.7009 0.6971 3.3845 0.4791
6 -40.9176 34.7318 0.9298 1.6233 0.6458 0.5159 -0.4240 0.4690
4 5.5507 20.6213 0.4751 1.5509 0.8757 1.7827 0.2728 0.4558
4 17.2045 23.3064 0.3550 1.1385 0.5841 1.5441 2.0851 0.4430
4 -29.7603 48.6331 0.1940 1.4507 0.6174 1.5156 1.5754 0.4287
1 -36.1608 -10.4083 1.2558 1.5481 1.8798 4.2618 3.9838 0.4248
4 -36.8199 39.3068 0.5846 1.6118 0.7350 1.4419 3.2497 0.4206
6 10.1808 -49.3771 0.8781 1.5247 0.6100 0.5536 2.6840 0.4122
4 10.2026 -37.6363 0.8661 1.3891 0.5471 1.7209 3.1184 0.3805
6 -28.1840 45.8990 0.3700 1.5569 0.5359 0.5809 3.2029 0.3669
1 -0.6419 -39.3213 0.9718 1.4972 1.8005 4.2122 -0.0478 0.3647
4 27.2955 31.7153 0.2218 1.1232 0.5766 1.6469 2.1778 0.3636
1 -18.2074 -45.3567 1.4220 1.5689 1.8787 4.3965 3.2205 0.3554
6 -44.7419 -28.7011 1.6389 1.6146 0.6868 0.6194 4.1914 0.3496
6 -46.1906 -29.2358 2.0223 1.7268 0.6489 0.5727 -0.8456 0.3448
6 -19.2575 -37.0934 1.4408 1.6726 0.5584 0.5047 3.0777 0.3278
4 -33.8626 43.1588 0.6369 1.5225 0.6531 1.7642 3.1917 0.3240
6 -45.7542 47.4181 0.7059 1.7006 0.6371 0.5091 -1.1807 0.3123
4 27.2495 30.8063 0.2317 1.1222 0.5773 1.6617 2.0951 0.3108
6 9.0790 -39.6278 0.8799 1.5435 0.5242 0.6177 3.1289 0.3087
4 5.6866 18.0750 0.5741 1.6054 0.6545 1.7694 0.0367 0.3086
6 -29.7665 46.8923 0.1946 1.6591 0.6549 0.7236 2.9006 0.2943
1 -46.7179 -16.2591 1.5452 1.5439 1.9285 4.7632 0.9580 0.2840
4 -27.7548 -41.6783 1.2780 1.6221 0.6294 0.8053 3.4268 0.2809
6 -30.7533 47.0509 0.1719 1.6558 0.5964 0.6055 3.0977 0.2753
4 5.5263 14.1284 0.6862 1.5813 0.6463 1.6369 0.2351 0.2691
1 -9.6689 -41.3221 1.1934 1.5417 1.8284 4.2287 -0.0094 0.2688
6 -44.3062 -27.6837 1.2799 1.5886 0.6218 0.6146 3.7572 0.2640
2 -22.7099 -25.2538 1.6285 2.7420 2.5832 6.6439 0.4984 0.2430
3 -45.9745 -7.2673 2.2775 3.3886 2.9673 12.0528 0.9523 0.2409
6 34.6293 45.0403 0.3120 1.7710 0.7872 0.8177 1.0727 0.2298
4 -33.2265 42.3313 0.6515 1.5686 0.6795 1.7019 3.2610 0.2287
6 9.6380 -27.6899 0.9700 1.5606 0.6529 0.7841 -0.0524 0.2237
6 -35.3867 -21.2836 1.3013 1.7490 0.6344 0.5350 4.5749 0.2210
1 -35.2454 -48.7846 1.6852 1.6139 1.8926 4.4411 2.0336 0.2089
