4 -9.8064 18.1621 0.9212 1.7467 0.7436 1.9431 0.3910 0.9092
1 -33.8438 11.1610 1.2982 1.6432 1.9753 4.3909 0.9104 0.9038
1 -3.2560 -11.1264 0.8598 1.5650 1.9524 4.2595 -0.0262 0.8834
1 -35.7309 4.8986 1.2448 1.5226 2.0014 4.8607 0.8711 0.8789
1 -0.1131 -5.7605 0.8045 1.5069 1.9977 4.2632 0.0200 0.8549
6 7.6410 -27.2260 0.9830 1.7106 0.6517 0.6311 3.1635 0.8546
1 -37.7269 -1.1073 1.1757 1.4660 1.9956 4.8088 0.8855 0.8454
1 -3.2916 -17.8460 0.8845 1.5968 1.8660 4.0735 -0.0024 0.8430
1 -35.2305 -4.4455 1.2824 1.5970 2.0455 4.5809 1.0164 0.8294
6 8.3094 -28.3060 1.0384 1.7376 0.6422 0.5586 4.6133 0.8269
1 -24.9371 42.2726 0.4854 1.5134 1.9028 4.3802 3.5841 0.8204
1 -13.1004 -9.3682 1.0740 1.6129 1.9649 4.2265 3.1941 0.8152
6 9.4111 -16.8002 1.0308 1.6480 0.5823 0.5473 3.0480 0.8121
4 4.3325 8.0919 0.7278 1.6536 0.6896 1.8046 0.0271 0.8046
1 -6.7136 -26.2817 0.9350 1.5720 1.8610 4.2517 -0.0087 0.8029
4 7.7705 18.3259 0.4699 1.5460 0.6672 1.6513 0.3793 0.7962
1 0.0574 -19.7572 0.8060 1.5269 1.9098 4.2888 0.1180 0.7900
4 9.1990 8.7772 0.5562 1.1071 0.5379 1.5778 -0.0747 0.7880
4 5.8638 -27.6992 0.8618 1.5880 0.6575 1.6499 0.0369 0.7816
1 -11.5488 36.6507 0.7943 1.6914 1.9448 4.4401 0.5426 0.7799
3 -43.1411 -0.2723 2.0457 3.1667 2.8900 8.4932 1.1014 0.7702
1 -3.3449 -37.9022 0.9111 1.5234 1.8118 4.1330 -0.0480 0.7697
4 16.2148 25.2431 0.4374 1.5597 0.7072 1.5397 0.3295 0.7654
1 -6.4548 -20.1547 0.9400 1.5535 1.9171 4.3340 0.0183 0.7558
4 6.2246 -35.6694 0.9115 1.5353 0.6955 1.7060 -0.0677 0.7499
4 4.8641 15.3364 0.6443 1.5340 0.8555 1.6643 0.1337 0.7397
6 -29.8039 -5.1521 1.2721 1.7148 0.6401 0.5771 -0.8910 0.7336
1 -3.3816 -4.5423 0.9270 1.7392 2.1294 4.6041 -0.0109 0.7326
6 -28.9052 44.8166 0.6228 1.6677 0.6735 0.5160 -0.1921 0.7301
6 -31.8340 -7.1213 1.2769 1.7321 0.6193 0.5949 4.6654 0.7272
4 -33.9246 38.3691 0.7065 1.6596 0.7346 1.8475 3.7411 0.7260
1 -16.4454 -24.8199 1.3475 1.8467 2.0070 4.8678 3.1132 0.7210
1 -45.1530 7.0446 1.2998 1.5571 1.8690 4.2475 0.9975 0.7180
1 -7.0359 -6.6133 1.0486 1.7025 2.1371 4.7555 0.0004 0.7161
4 -34.1690 -7.1805 1.3313 1.6543 0.7131 1.6354 1.2728 0.7087
1 -49.0894 -13.9089 1.5431 1.5545 1.9125 4.4219 0.9423 0.7024
4 -30.5384 4.9704 1.1737 1.6106 0.6840 1.7450 -0.1093 0.6923
1 -6.6393 -13.7409 1.1821 1.8591 1.8826 4.2108 0.0231 0.6898
4 6.8757 19.8996 0.5295 1.5689 0.6296 1.5287 0.1083 0.6804
4 8.8421 17.6291 0.5141 1.5589 0.7596 1.6629 0.1429 0.6762
6 8.8278 -32.1366 1.2502 1.7027 0.6067 0.5719 0.0312 0.6740
4 28.5715 38.8405 0.1999 1.5566 0.6942 1.6454 4.5445 0.6661
1 -0.2297 -13.2680 0.8580 1.6417 2.0542 4.2223 0.0024 0.6595
4 8.3419 -16.7868 0.8890 1.5766 0.7409 1.4829 0.2006 0.6561
1 -0.0816 -31.6527 1.0645 1.7636 2.0676 4.4583 0.0256 0.6522
1 -46.5795 18.4505 0.9897 1.5379 1.9007 4.4936 3.9386 0.6456
2 -3.3517 -25.3168 1.7856 3.2034 2.8012 6.4333 0.0027 0.6451
4 7.5516 14.2270 0.6327 1.5255 0.6840 1.5485 0.0158 0.6322
6 -26.3340 48.7786 0.4554 1.6261 0.6354 0.5612 3.2358 0.6210
4 6.4623 4.4261 0.7271 1.5449 0.6157 1.5979 -0.0095 0.6207
4 16.1370 22.5591 0.3435 1.1093 0.5733 1.5022 2.7574 0.6174
1 -20.5448 47.9346 0.3198 1.5263 1.9480 4.2963 3.2773 0.6170
6 -37.6118 37.2678 0.7982 1.7707 0.7087 0.6830 3.8725 0.6097
6 -31.7970 -19.1610 1.2161 1.6332 0.5654 0.5087 3.3428 0.6080
1 -32.4406 42.5793 0.5932 1.6109 2.1107 4.5213 2.3526 0.6060
6 -29.1139 -21.3137 1.3586 1.6708 0.6203 0.5088 3.7751 0.6006
1 -3.4136 -44.3407 1.2153 1.6849 1.8342 4.2456 0.0338 0.5847
4 7.2536 16.0613 0.6513 1.6810 0.7246 1.2381 0.2936 0.5816
4 -38.6254 -21.7457 1.1906 1.1070 0.5844 1.6402 3.1488 0.5776
3 -47.2371 28.3934 1.3817 2.5277 2.4742 6.7820 4.1293 0.5746
4 5.5400 20.3998 0.5122 1.5353 0.8045 1.6710 0.0374 0.5711
5 12.2885 22.7333 0.4729 1.4680 1.2367 2.6357 0.8336 0.5681
6 -28.8989 46.1303 0.5424 1.6246 0.5727 0.5787 -0.8686 0.5636
4 -25.5475 -21.8223 1.0612 1.5780 0.6749 1.7002 2.7086 0.5523
6 -39.3891 42.8284 0.6203 1.6217 0.6030 0.5160 -0.2524 0.5501
1 -7.2056 -35.3821 1.0377 1.5349 1.7965 4.1634 0.1116 0.5484
4 6.0587 16.1596 0.6789 1.6373 0.6363 1.6036 0.0507 0.5476
4 25.1042 29.7070 0.2237 1.0930 0.5611 1.5702 2.7191 0.5373
4 19.3447 24.3725 0.3555 1.1963 0.5892 1.5224 1.9627 0.5263
6 38.7614 49.4290 0.1733 1.5924 0.5727 0.5409 0.7747 0.5207
4 26.1194 30.2393 0.2304 1.1215 0.5396 1.5692 2.5334 0.5181
1 -0.6912 -44.7612 1.1983 1.5232 1.8322 4.2354 -0.1238 0.5071
4 17.2109 23.2532 0.3532 1.1118 0.5410 1.4936 2.2154 0.4921
6 -36.3179 40.1914 0.6002 1.6310 0.6344 0.8290 2.5606 0.4920
4 -3.0548 8.0534 0.8054 1.6570 0.8890 2.1549 -1.4214 0.4845
6 -35.4210 -21.1252 1.2130 1.6043 0.5500 0.4718 3.5421 0.4818
6 9.5392 -32.1683 1.0152 1.6570 0.5555 0.5176 -0.1993 0.4685
4 -37.1155 39.3410 0.5724 1.5802 0.8794 1.8555 2.9355 0.4630
6 -23.6432 -27.1558 1.1989 1.6395 0.6271 0.6173 3.3122 0.4518
6 -46.1825 -29.2359 1.9425 1.7093 0.6478 0.5794 -1.5001 0.4366
6 39.6066 48.3133 0.1216 1.6605 0.7414 0.7457 1.2662 0.4275
6 9.0101 -28.1946 0.9689 1.6034 0.6472 0.5441 3.8807 0.4219
6 -44.3068 -27.7036 1.2822 1.6074 0.5593 0.5227 3.6782 0.4017
3 -31.8021 -15.7731 1.5495 2.3468 1.5738 2.6333 1.9263 0.3983
6 9.2830 -45.1017 1.0921 1.6419 0.6032 0.5897 3.0583 0.3969
1 -36.5798 -10.8620 1.2504 1.4780 1.8719 4.2026 0.2753 0.3949
6 -44.8164 -28.5880 1.4824 1.5889 0.6041 0.5648 2.5717 0.3932
6 -28.3167 46.5863 0.5457 1.6048 0.5611 0.5526 3.7861 0.3914
4 27.3397 31.3079 0.1152 1.1491 0.5899 1.6868 1.9219 0.3768
1 -0.6532 -39.3060 0.9586 1.4896 1.8126 4.2175 -0.0044 0.3662
4 17.6515 23.6664 0.3620 1.0914 0.5285 1.6534 2.1522 0.3517
4 5.5441 14.0984 0.7223 1.6130 0.7081 1.7278 0.2642 0.3511
6 -29.8164 48.6340 0.4463 1.6424 0.5711 0.4917 3.5126 0.3507
6 -26.2033 -46.3697 1.5846 1.6406 0.6283 0.6894 3.6153 0.3404
6 -40.8824 34.7420 0.9256 1.7217 0.6253 0.5227 -0.3761 0.3295
4 10.0943 -38.3627 0.8735 1.3331 0.6539 1.8360 -0.1351 0.3220
6 -30.2363 -21.9347 1.4615 1.6547 0.5856 0.5146 3.2249 0.3167
6 -45.7002 47.4316 0.6353 1.6811 0.6603 0.5340 -0.6424 0.3154
4 5.6725 18.1306 0.5598 1.5488 0.7420 1.8423 -0.0472 0.3121
6 -20.6864 -40.2609 1.3936 1.6519 0.5840 0.5351 3.2796 0.2725
6 -43.3633 -28.1374 1.4323 1.7194 0.5373 0.4884 3.3988 0.2706
1 -2.6436 -49.1932 0.8387 1.5292 1.9251 4.2516 -0.0041 0.2524
4 26.7260 30.7589 0.1760 1.1441 0.6121 1.7853 2.2579 0.2523
6 -32.1815 -22.5768 1.1057 1.5978 0.5048 0.4791 4.4422 0.2139
6 24.1373 21.2214 0.6640 1.6486 0.5508 0.4974 2.5258 0.2114
6 -49.7351 41.3136 0.7112 1.4945 0.6986 0.9561 -1.3598 0.2113
6 -34.2632 -45.6734 1.4286 1.6481 0.6846 0.6935 3.1124 0.2104
6 -16.4388 -33.9219 0.6465 1.3935 0.5238 0.4439 3.0473 0.2014
1 13.3704 -47.7793 0.9210 1.4997 1.7911 4.0623 -1.5349 0.2006
6 -46.8599 -25.2089 1.2128 1.7053 0.5705 0.5021 3.9993 0.1805
1 -46.6623 -16.2437 1.4222 1.4543 2.2811 5.5784 0.9939 0.1786
