1 -35.7473 24.7397 0.9091 1.5066 1.9227 4.5492 4.0550 0.9063
1 -3.2855 -11.1445 0.8730 1.5750 2.0151 4.3405 0.0148 0.8962
1 -35.7593 4.8963 1.2328 1.5398 1.9894 4.8128 0.9478 0.8862
1 -28.3492 -2.3318 1.1415 1.6128 2.0194 4.3202 1.5327 0.8692
1 -30.9271 14.1274 1.2379 1.7215 2.0756 4.6154 0.8678 0.8601
1 -0.1183 -5.7561 0.7935 1.4971 1.9665 4.2629 0.0267 0.8574
1 -15.7884 29.6339 0.8809 1.7056 1.9316 4.3782 0.6761 0.8547
1 -3.3294 -17.8270 0.8879 1.6053 1.8679 4.0643 0.0098 0.8540
1 -41.8760 8.6554 1.4973 1.7773 2.0794 4.6804 0.9350 0.8366
4 9.2382 8.7701 0.5645 1.1087 0.5431 1.5632 -0.0977 0.8224
4 -20.6901 -32.6478 1.0699 1.5525 0.7309 1.7627 2.9943 0.8043
6 9.3324 -28.7590 1.0572 1.7041 0.7542 0.6171 -0.7395 0.7997
1 0.0513 -19.7516 0.8173 1.5103 1.8778 4.2793 0.0598 0.7936
4 4.8939 15.3286 0.6281 1.5501 0.8540 1.6857 0.1119 0.7875
4 16.2381 25.2467 0.4252 1.5187 0.6917 1.5581 0.4097 0.7869
6 7.8767 -30.1239 0.9869 1.6708 0.6410 0.5731 3.2119 0.7828
1 -6.7108 -26.2363 0.9698 1.5560 1.8591 4.2607 0.0097 0.7805
1 -42.0949 -8.7212 1.3243 1.6032 1.8802 4.3558 0.8994 0.7796
4 6.4646 4.6031 0.6599 1.5537 0.6046 1.6115 -0.0031 0.7673
6 8.8971 -13.3381 1.0735 1.6814 0.6271 0.6774 0.0067 0.7605
4 20.3842 32.6591 0.3142 1.5920 0.6863 1.6253 4.2323 0.7603
4 7.6018 14.2174 0.6597 1.5425 0.8135 1.5664 0.1165 0.7599
4 -33.9332 38.3234 0.7262 1.6599 0.7153 1.7971 2.3353 0.7529
1 -37.6122 -1.0624 1.1696 1.5053 1.9826 4.5741 0.8618 0.7526
1 -39.7395 13.7483 1.1639 1.5002 1.8139 4.2318 0.2461 0.7507
4 7.7461 -13.0782 0.9204 1.6326 0.7295 1.6796 0.1093 0.7438
1 -7.0365 -6.6283 1.0408 1.7320 2.1618 4.7684 0.0082 0.7433
3 -46.7222 -7.7909 2.2826 3.4038 3.1561 12.9427 0.8347 0.7405
4 6.2800 -29.3172 0.8112 1.5549 0.7576 1.6971 0.1224 0.7401
1 -3.3870 -4.4570 0.9444 1.7533 2.2080 4.4865 -0.0193 0.7399
1 -6.5386 -20.1305 0.9211 1.5481 1.8705 4.3153 -0.0124 0.7260
1 -3.3824 -37.8920 0.9273 1.5400 1.8156 4.1501 -0.0575 0.7210
4 6.0038 -19.3220 0.8923 1.6170 0.7118 1.5985 0.0720 0.7204
4 -0.8646 8.6041 0.7618 1.5893 0.7923 1.9719 4.2220 0.7202
3 -43.1570 -0.3503 1.9883 3.1706 2.9149 8.8342 1.0000 0.7174
4 -30.7411 6.6479 1.2115 1.5967 0.6756 1.6145 -0.1323 0.7159
6 -31.8927 -7.0588 1.3167 1.7420 0.6761 0.6183 -1.5076 0.7150
4 -30.2571 -18.7979 1.1966 1.6395 0.7338 1.7256 2.4969 0.7079
1 -32.3986 42.5850 0.5076 1.6704 2.1072 4.4402 2.3729 0.7060
4 -38.6670 -21.7068 1.2228 1.0946 0.5865 1.6305 3.1814 0.7037
1 -12.5631 -33.3915 1.2103 1.5734 1.8690 4.2973 3.0757 0.6985
4 -13.0570 8.2488 0.9332 1.6988 0.8228 2.1310 -1.5228 0.6955
5 12.2251 22.7265 0.4478 1.4405 1.1269 2.6074 0.7334 0.6918
6 -28.7382 44.8229 0.6474 1.6338 0.6681 0.5780 0.0525 0.6892
6 -31.8141 -19.1056 1.2198 1.6486 0.5781 0.4998 1.6593 0.6888
4 6.8431 19.9059 0.5497 1.5936 0.6575 1.5031 0.1230 0.6887
6 8.8952 -31.0743 1.0983 1.7332 0.6917 0.5886 3.9522 0.6780
1 -6.6328 -13.7636 1.1646 1.8315 1.8778 4.2324 0.0199 0.6770
1 -0.2142 -13.2901 0.8645 1.6011 2.0091 4.1774 -0.0159 0.6767
4 -15.7023 2.8741 0.9761 1.7743 0.7535 2.3369 3.4712 0.6649
1 -16.6701 -35.6459 1.5019 1.7260 1.8896 4.4130 3.0908 0.6447
6 -29.0506 46.0984 0.5818 1.6761 0.6363 0.5834 2.8969 0.6440
2 -3.3444 -25.3130 1.8125 3.2170 2.8051 6.4127 0.0099 0.6319
4 8.8453 17.3566 0.5482 1.5387 0.7519 1.5972 -0.0389 0.6299
1 -38.0594 28.0588 0.9355 1.5487 1.8583 4.2851 4.2759 0.6276
4 16.1160 22.5896 0.2990 1.0847 0.5830 1.5435 2.8843 0.6165
6 -29.8001 -5.1491 1.2875 1.7810 0.6348 0.5547 -0.9887 0.6149
4 6.0756 16.1517 0.7023 1.6673 0.6417 1.5188 0.0695 0.6147
6 -30.2658 -21.9516 1.4227 1.7190 0.6745 0.6537 1.9886 0.6131
1 -7.1716 -35.1721 1.0864 1.5509 1.8415 4.2502 0.1663 0.6093
1 -33.5858 -46.8201 1.5762 1.5349 1.8123 4.1461 -1.1386 0.6093
4 -32.5434 -5.6063 1.1297 1.4279 0.7235 1.8605 0.0801 0.5926
4 7.2611 16.0554 0.6656 1.6827 0.7471 1.1414 0.2566 0.5867
1 -0.0680 -31.6459 1.0640 1.7844 2.0902 4.4707 0.0367 0.5866
4 -31.9486 -22.4301 1.1117 1.1469 0.5441 1.6498 3.5774 0.5859
1 -3.4124 -44.3370 1.2733 1.6947 1.8474 4.2560 0.0373 0.5837
6 38.8065 49.4323 0.1977 1.6112 0.6058 0.5350 0.6816 0.5804
6 9.2025 -40.8637 0.9773 1.5794 0.5751 0.5659 3.1088 0.5708
3 -47.2457 28.3597 1.3788 2.5378 2.4624 6.7862 4.0890 0.5702
6 -35.4346 -21.1404 1.2575 1.6083 0.5637 0.5131 3.6812 0.5579
6 -27.2599 -48.8261 1.4326 1.7377 0.6335 0.5524 3.4180 0.5556
6 -23.6343 -27.1570 1.2796 1.6547 0.6437 0.5756 3.0629 0.5521
6 -28.4023 46.6203 0.5902 1.5942 0.5434 0.4857 -0.7188 0.5426
6 39.6414 47.9440 0.1958 1.6698 0.6538 0.5272 0.9123 0.5408
4 7.8918 19.1940 0.5279 1.5492 0.6430 1.3695 0.3695 0.5375
1 -0.7184 -45.2290 1.1950 1.5338 1.8580 4.2907 -0.1394 0.5155
4 25.1033 29.6982 0.2049 1.1312 0.5689 1.5641 2.9327 0.5085
4 19.3498 24.3869 0.3360 1.2165 0.6057 1.5344 1.9172 0.5009
6 -36.4484 40.2182 0.5805 1.6350 0.5805 0.5066 3.3538 0.4854
6 -37.4338 37.2918 0.7584 1.7466 0.6526 0.5663 1.2135 0.4778
4 26.1281 30.2293 0.2267 1.1590 0.5332 1.5454 2.5845 0.4759
6 -26.3559 -43.1132 1.4906 1.7247 0.6959 0.6937 4.5134 0.4723
4 17.2169 23.2966 0.3342 1.1201 0.5880 1.4936 2.2567 0.4634
6 -24.5713 -33.6654 1.3880 1.6451 0.6275 0.5830 3.2491 0.4136
4 -36.8136 39.2534 0.5156 1.6469 0.7228 0.9756 2.7637 0.4060
5 -35.7836 -10.3572 1.2884 1.5821 1.2888 2.8673 0.7190 0.3782
4 -22.6441 -33.7192 1.1262 1.3005 0.6763 1.7849 2.8647 0.3762
5 5.5651 20.6497 0.4810 1.5272 0.9302 1.8443 0.2325 0.3757
1 -0.6647 -39.3118 0.9062 1.4853 1.8083 4.2206 -0.0509 0.3640
6 -30.6182 47.0774 0.1671 1.6694 0.6428 0.6305 -1.5501 0.3614
4 27.2753 31.2728 0.2138 1.1780 0.5723 1.6887 2.9341 0.3173
4 5.4732 17.6122 0.6313 1.6122 0.6600 1.5823 -0.1493 0.3151
6 -25.4149 -43.4371 1.4330 1.7047 0.7095 0.8294 1.8788 0.3147
6 -44.7160 -28.7068 1.7494 1.5780 0.6210 0.5461 1.9449 0.3076
1 -44.8649 3.7183 1.2764 1.5474 1.8547 4.2565 -1.4274 0.3072
6 10.1145 -49.3794 0.8153 1.5587 0.5410 0.4925 2.7705 0.3051
6 -29.8328 48.3930 0.3202 1.6346 0.5897 0.6064 2.9399 0.3046
6 -27.7660 -41.6509 1.3685 1.6592 0.6181 0.6289 -0.2582 0.3000
6 -29.2873 46.8005 0.5290 1.6302 0.6077 0.7481 3.0544 0.2987
6 -19.3104 -37.0692 1.6549 1.6501 0.5662 0.5125 2.9917 0.2738
6 -46.1874 -29.2436 2.0575 1.6982 0.6137 0.5004 -0.7116 0.2592
4 26.7328 30.7835 0.2027 1.1541 0.5949 1.7311 2.8123 0.2557
1 -2.3105 -49.7639 0.7640 1.5602 1.8809 4.2191 -0.0377 0.2498
6 -16.8445 -42.3874 1.3565 1.6243 0.6138 0.5836 2.3649 0.2497
4 -21.7997 -33.2445 1.0784 1.4100 0.7293 1.8991 3.1162 0.2497
1 -44.7274 13.7816 0.6233 1.4727 1.8379 4.2387 0.4698 0.2442
1 14.7842 -47.7841 1.0191 1.5444 1.9688 4.5487 -1.0732 0.2437
6 29.6435 24.7612 0.6985 1.6171 0.5704 0.5384 3.0709 0.2386
6 -45.7585 47.4386 0.6779 1.6661 0.6509 0.4836 -0.8465 0.2352
4 10.1422 -37.2130 0.7604 1.3598 0.5807 1.1573 3.3504 0.2349
4 5.5422 14.0922 0.7031 1.6152 0.6494 1.6569 0.2279 0.2348
2 -25.2259 -22.7611 1.5438 2.8774 2.6247 6.4857 0.4676 0.2288
6 29.3510 25.6612 0.7495 1.6342 0.5469 0.5550 3.1617 0.2245
1 -9.2428 -41.6311 1.1050 1.5637 1.8490 4.3438 -0.0027 0.2195
6 -23.1478 44.6634 0.7295 1.6602 0.5916 0.6662 3.2323 0.2065
6 -21.0820 -47.6075 1.5918 1.6401 0.5638 0.5896 2.1248 0.2054
6 34.6335 45.0615 0.3483 1.7965 0.7580 0.7227 1.4751 0.2042
6 30.6895 27.8360 0.8847 1.6042 0.5341 0.4971 3.2240 0.2032
6 -49.7314 41.2993 0.7796 1.5587 0.7004 0.8692 -0.7216 0.2019
6 -40.9026 34.7788 0.7671 1.7305 0.6473 0.5617 0.4150 0.1832
