1 -35.7601 4.8741 1.2372 1.5347 1.9862 4.7050 0.9410 0.9125
1 -32.8761 -3.2706 1.1949 1.6380 2.0720 4.4968 1.0895 0.8881
4 3.8667 9.2468 0.7829 1.6543 0.6982 1.7281 -0.5841 0.8880
1 -3.2882 -11.1382 0.8604 1.5799 2.0145 4.3034 0.0176 0.8862
1 -6.8752 45.8117 0.5550 1.6121 1.9371 4.3458 0.4492 0.8813
1 -41.3565 10.1620 1.2212 1.5471 1.9606 4.5856 0.8452 0.8744
1 -22.6716 40.6371 0.5553 1.4721 1.9304 4.4505 3.4846 0.8717
1 -0.1222 -5.7647 0.8031 1.4929 1.9819 4.2705 0.0295 0.8558
1 -3.3292 -17.8064 0.8750 1.6113 1.8884 4.0652 0.0101 0.8514
4 -11.9212 13.2507 0.9587 1.7100 0.7086 1.9452 0.3769 0.8469
6 7.6492 -28.1918 0.9551 1.6984 0.6271 0.5402 0.2164 0.8469
4 -30.6494 5.9071 1.1502 1.5845 0.6571 1.7133 -0.1580 0.8358
1 -27.7944 16.4214 1.1502 1.7538 1.8767 4.3519 0.8224 0.8173
6 9.2671 -15.6783 1.0811 1.6438 0.6350 0.5616 -0.0213 0.8099
4 9.2097 8.7452 0.5571 1.1216 0.5371 1.5946 -0.0942 0.8033
1 -28.0601 37.6069 0.6565 1.5540 1.9059 4.3425 3.7680 0.8025
6 8.3903 -29.2590 1.0666 1.7690 0.7418 0.5912 3.2496 0.7963
1 0.0526 -19.7164 0.7892 1.5223 1.9117 4.2931 0.0588 0.7917
4 5.9331 -24.7215 0.8752 1.6531 0.6770 1.6439 0.0586 0.7810
1 -37.6215 -1.0664 1.1827 1.4886 1.9876 4.6168 0.8695 0.7730
4 -33.9325 38.3227 0.7111 1.6533 0.7216 1.8459 2.3748 0.7682
6 -29.7980 -5.1688 1.2983 1.7306 0.6417 0.5817 -0.9663 0.7675
1 -3.3676 -4.4550 0.9361 1.7425 2.1174 4.4837 -0.0137 0.7571
4 16.2279 25.2477 0.4244 1.5478 0.6983 1.5125 0.3704 0.7515
4 7.6020 14.2200 0.6451 1.5331 0.7859 1.5834 0.3168 0.7508
6 -28.9028 44.8575 0.6939 1.7147 0.7123 0.6068 4.5623 0.7495
1 -3.3752 -37.8791 0.9224 1.5759 1.8398 4.1843 -0.0689 0.7447
4 -6.0967 8.1968 0.9326 1.7207 0.7557 2.1114 -1.4517 0.7425
4 4.8862 15.3334 0.6308 1.5397 0.8548 1.7517 0.1109 0.7368
4 6.2588 -33.3892 0.8631 1.5797 0.7456 1.6362 -0.0374 0.7280
6 -31.8328 -7.0935 1.3216 1.7315 0.6219 0.5553 4.6333 0.7164
1 -6.6882 -26.6267 0.9606 1.5847 1.8413 4.2968 0.0054 0.7146
1 -7.0367 -6.6087 1.0493 1.7224 2.1582 4.7309 0.0030 0.7133
3 -43.1815 -0.3415 2.1309 3.1318 2.8552 8.6331 1.0653 0.7084
1 -6.6272 -13.7387 1.1931 1.8044 1.8763 4.1869 0.0309 0.7082
6 -29.0748 46.1032 0.5150 1.6371 0.5975 0.5770 1.0852 0.6843
1 -16.6201 -29.4205 1.3509 1.8191 1.9390 4.3861 3.1292 0.6788
4 6.8793 19.9339 0.5250 1.6037 0.6220 1.4916 0.0552 0.6773
4 -33.4022 -6.8448 1.2413 1.6460 0.7658 1.5958 1.4545 0.6731
1 -6.4526 -20.1281 0.9384 1.5657 1.9184 4.3437 0.0255 0.6713
4 -29.7614 -20.6227 1.2734 1.6511 0.7632 1.5883 1.7756 0.6665
1 -13.0955 -17.3610 1.1594 1.5353 1.8416 4.1939 3.0411 0.6595
1 -46.4312 -12.0440 1.4954 1.5166 1.8891 4.3401 0.8922 0.6516
4 6.4601 4.4294 0.7054 1.5555 0.6242 1.5883 -0.0184 0.6501
4 7.7107 18.2647 0.5834 1.5590 0.6207 1.6854 0.1704 0.6480
1 -0.2521 -13.2752 0.8579 1.6634 2.0878 4.2020 0.0205 0.6357
4 8.8264 17.6333 0.5881 1.5343 0.6854 1.6678 0.1521 0.6317
6 -37.5796 37.2418 0.7837 1.7857 0.6890 0.6097 -0.5895 0.6294
4 8.1207 -15.6177 0.9146 1.5847 0.7792 1.6539 0.1308 0.6161
4 6.0681 16.1598 0.6688 1.6296 0.6110 1.6017 0.1037 0.6105
1 -7.1617 -35.1562 1.0934 1.5774 1.8347 4.2425 0.1297 0.6056
4 16.1359 22.5481 0.3498 1.1177 0.5643 1.4974 2.7297 0.6056
6 25.8771 36.7828 0.2628 1.6410 0.6583 0.5772 1.3365 0.5980
1 0.0336 -31.3219 1.1051 1.7785 2.2143 4.4821 -0.0038 0.5722
1 -3.4384 -44.3056 1.2574 1.7175 1.8499 4.2912 0.0116 0.5696
6 -28.2473 46.5763 0.4566 1.6505 0.6182 0.5588 2.8019 0.5690
1 -43.8039 3.7489 1.3601 1.6147 1.8825 4.3546 4.0308 0.5657
2 -3.3320 -25.6972 1.9049 3.3199 2.7796 6.5878 0.0188 0.5612
4 17.1950 23.3059 0.3841 1.1500 0.5801 1.5292 2.3922 0.5526
6 -27.8835 49.3705 0.5155 1.6744 0.5673 0.5081 3.4042 0.5300
4 25.0795 29.6920 0.2012 1.0581 0.5691 1.5688 2.6973 0.5300
1 -33.6587 -46.7840 1.5143 1.5684 1.8325 4.2363 -1.1867 0.5298
4 5.5237 20.6280 0.5023 1.5472 0.8776 1.7930 0.3316 0.5264
4 5.6651 17.6711 0.6638 1.6532 0.6639 0.8911 -0.1044 0.5255
4 19.3490 24.3795 0.3583 1.2205 0.6007 1.5419 1.8713 0.5220
6 38.7012 49.4182 0.2190 1.5985 0.6377 0.5564 0.3372 0.5190
4 26.1544 30.2403 0.2654 1.0811 0.5505 1.5446 2.5232 0.5186
4 7.3321 16.0754 0.6594 1.6170 0.6053 1.0564 0.1806 0.5073
1 -0.7225 -44.7465 1.1597 1.5183 1.8314 4.2276 -0.0953 0.4760
5 12.3321 22.7480 0.5122 1.3942 0.9161 2.2202 0.7080 0.4718
6 -23.6879 -27.1351 1.2836 1.6350 0.6478 0.5843 3.2094 0.4648
3 -47.1673 28.6619 1.4622 2.6093 2.5702 7.1349 4.1402 0.4633
6 8.9044 -30.8908 1.0169 1.6931 0.5165 0.4263 3.4345 0.4539
4 5.4388 13.8736 0.6386 1.6213 0.6751 0.8090 0.0599 0.4370
6 9.2762 -43.7412 0.8167 1.5229 0.7286 0.6566 3.2090 0.4300
6 10.0903 -49.3759 0.8722 1.6066 0.6111 0.5543 2.9533 0.4232
6 -40.8698 34.7802 0.8358 1.7524 0.6564 0.5530 0.2709 0.4220
6 -36.4011 40.1278 0.5979 1.5759 0.6249 0.8721 2.7477 0.4206
6 -30.1062 48.5740 0.1456 1.6062 0.6408 0.5960 4.0481 0.4154
1 -33.2129 43.3242 0.6733 1.5746 1.8596 4.1453 2.8254 0.4149
6 14.8227 -47.0944 0.9949 1.6059 0.7183 0.5631 3.0698 0.4134
6 -24.7607 -35.0861 1.4783 1.6804 0.6193 0.5557 3.6983 0.4116
6 39.6874 48.1676 0.1958 1.6525 0.7009 0.7302 1.4004 0.4060
6 -26.2462 48.6846 0.4968 1.6350 0.6205 0.5487 2.9750 0.3870
1 -0.6510 -39.2929 0.9351 1.4861 1.8053 4.2169 -0.0855 0.3865
6 9.6779 -31.1784 0.9180 1.6341 0.6737 0.6343 -0.3202 0.3850
6 -30.2462 -22.0379 1.4632 1.7394 0.6872 0.6261 1.2642 0.3747
4 27.3215 31.3090 0.1444 1.1697 0.5949 1.7109 2.4209 0.3641
4 -37.2070 39.6787 0.6198 1.5276 0.6425 1.1824 2.1371 0.3458
6 -29.3405 46.8307 0.4709 1.5989 0.5887 0.7207 1.3782 0.3354
1 -36.5947 -10.8395 1.2426 1.5164 1.8548 4.1471 3.9232 0.3354
6 -23.1202 -24.8956 1.1431 1.5735 0.6184 0.7515 3.2023 0.3286
6 -28.2266 45.8819 0.5095 1.6096 0.6183 0.7464 1.5275 0.3013
5 -42.7567 40.1384 0.6163 1.6501 0.9872 2.1738 0.3333 0.2959
6 34.6517 45.0493 0.3889 1.7945 0.7907 0.7048 1.2931 0.2955
6 10.8331 -49.6042 0.6177 1.5270 0.6293 0.5967 3.0789 0.2939
6 -27.7400 -41.5989 1.4331 1.5805 0.6760 0.7519 2.1911 0.2817
6 -44.7354 -28.6654 1.7139 1.5944 0.7347 0.6484 3.0426 0.2750
4 26.7107 30.7317 0.2009 1.1211 0.6166 1.7594 2.5016 0.2698
3 -31.2578 -19.2320 1.7907 3.3748 2.8599 9.0524 0.8525 0.2631
6 29.6742 24.7989 0.8553 1.6607 0.5783 0.4906 0.0184 0.2281
1 -49.8174 8.7285 0.9828 1.5313 1.8467 4.1100 0.4730 0.2237
2 -48.7244 -17.6945 1.7573 2.3083 2.3501 7.0556 1.0055 0.2224
6 -46.4309 45.2620 0.6045 1.5322 0.5855 0.5082 -0.4654 0.2206
6 -49.7014 41.3029 0.7204 1.5139 0.6604 0.8068 -0.7088 0.2153
6 -19.2849 -37.0784 1.6494 1.6590 0.5820 0.5231 2.8507 0.2022
6 -46.5285 44.2431 0.5887 1.5910 0.6894 0.6615 -0.4147 0.1953
