4 -14.8457 5.7050 1.0018 1.7563 0.7387 2.0977 3.5665 0.8926
1 -3.2763 -11.1265 0.8614 1.5633 1.9987 4.2854 -0.0061 0.8811
1 -35.7151 4.9230 1.2619 1.5254 2.0089 4.7988 0.9100 0.8798
4 0.6409 9.3648 0.7908 1.6788 0.7662 1.9212 4.1915 0.8780
1 -3.3268 -17.8238 0.8976 1.6151 1.8884 4.0925 0.0019 0.8580
1 -0.1065 -5.7601 0.8014 1.4995 1.9779 4.2667 0.0190 0.8565
1 -29.3952 -2.4101 1.1463 1.5336 1.9710 4.2548 1.3412 0.8365
1 -22.8171 46.4397 0.5221 1.6541 1.9884 4.7280 3.4289 0.8169
1 -31.2964 28.4469 0.7473 1.4727 1.8634 4.5598 3.9383 0.8162
4 7.7650 -13.6151 0.9220 1.6377 0.8030 1.6911 0.1749 0.8153
1 -43.8152 7.3360 1.5768 1.7551 2.0046 4.4784 1.0291 0.8108
1 -35.1867 30.2705 0.8114 1.5032 1.8565 4.2576 3.8646 0.8033
4 4.8881 15.3288 0.6504 1.5398 0.8465 1.7127 0.0989 0.7988
1 -6.7144 -26.2919 1.0006 1.5627 1.8216 4.2094 -0.0087 0.7864
1 0.0523 -19.7462 0.8133 1.5113 1.8593 4.2718 0.0619 0.7855
4 -30.7257 6.6066 1.1776 1.6035 0.6528 1.6992 -0.1166 0.7790
4 9.2093 8.7657 0.5379 1.0835 0.5443 1.5649 -0.0505 0.7765
6 9.0715 -13.8893 1.0069 1.6851 0.6389 0.5805 0.0959 0.7732
6 -31.8344 -7.1153 1.3096 1.7553 0.6301 0.5673 4.6929 0.7699
4 7.6043 14.2181 0.6741 1.5452 0.7787 1.5752 0.1540 0.7681
1 -43.0499 -9.4128 1.3527 1.5204 1.9143 4.4499 0.9156 0.7674
1 -7.0418 -6.6408 1.0416 1.7240 2.1658 4.8044 0.0172 0.7663
3 -42.7804 -0.1712 1.9889 3.0511 2.7211 7.9426 1.0445 0.7648
4 16.2264 25.2705 0.4188 1.5369 0.7289 1.5678 0.2887 0.7530
6 7.8436 -29.6061 0.9584 1.6277 0.6225 0.6132 3.0631 0.7525
6 -27.8841 49.0526 0.4586 1.7450 0.6248 0.5898 3.3327 0.7485
4 6.8294 19.9114 0.5517 1.5881 0.6470 1.5861 0.1682 0.7430
1 -37.6447 -1.0609 1.1258 1.4689 1.9689 4.4589 0.9011 0.7424
1 -3.3915 -4.4608 0.9392 1.7437 2.2069 4.5106 -0.0140 0.7390
1 -18.6603 25.9567 0.9647 1.7001 1.8736 4.2349 0.6961 0.7379
1 -3.3753 -37.8862 0.9152 1.5461 1.8124 4.1313 -0.0444 0.7368
4 -11.0885 8.3592 0.9190 1.6713 0.7558 2.1201 4.6971 0.7362
1 -6.5383 -20.1326 0.9196 1.5444 1.8696 4.2732 -0.0106 0.7344
1 -6.6612 -13.7320 1.1994 1.8391 1.8960 4.2310 0.0305 0.7301
6 9.2033 -41.6104 1.0295 1.6195 0.6299 0.5953 3.0831 0.7268
6 -31.8003 -19.1439 1.2371 1.6857 0.5812 0.4981 4.3138 0.7221
4 7.2495 16.0819 0.6868 1.6647 0.7599 1.6774 0.2631 0.7049
4 -33.9377 38.3703 0.7411 1.6637 0.7242 1.8429 -0.5237 0.7017
4 -30.1979 -19.2464 1.2301 1.6287 0.7311 1.6917 2.3981 0.6988
1 -33.9567 11.5415 1.2976 1.6730 2.0248 4.6571 0.9214 0.6965
6 8.9043 -29.3050 1.0369 1.6550 0.6633 0.5985 3.1783 0.6898
4 -38.6431 -21.6387 1.2092 1.0572 0.5822 1.6151 3.1391 0.6896
4 7.8599 18.8532 0.4898 1.5481 0.6448 1.5874 0.3317 0.6816
4 6.2387 -30.2825 0.7689 1.5297 0.7243 1.6260 0.0546 0.6757
4 6.0908 16.1642 0.7232 1.6658 0.6414 1.6568 0.0629 0.6717
1 -0.2162 -13.2803 0.8584 1.6117 2.0052 4.1835 -0.0051 0.6705
4 6.0073 -20.5892 0.8718 1.5896 0.7079 1.7390 -0.0402 0.6684
5 12.2269 22.7288 0.5112 1.4116 1.1183 2.6791 0.7899 0.6618
1 -0.0711 -31.6585 1.0632 1.7619 2.0515 4.4422 0.0104 0.6442
4 6.4852 4.5448 0.6501 1.5022 0.5638 1.5995 0.0060 0.6384
4 8.8304 17.3765 0.5626 1.5412 0.7402 1.6156 0.0276 0.6373
4 -20.9450 -30.7579 1.0932 1.5556 0.6410 1.6496 3.0235 0.6197
2 -3.3660 -25.3108 1.8156 3.2214 2.8073 6.3910 0.0185 0.6079
6 -28.7699 44.8694 0.6777 1.6344 0.6383 0.5704 3.5564 0.6057
6 -25.6120 -43.9740 1.4807 1.6783 0.6647 0.5763 3.1593 0.6038
4 16.1345 22.5496 0.3339 1.1020 0.5610 1.5073 2.7742 0.6011
3 -47.1421 28.5949 1.4503 2.6482 2.6705 6.9355 4.2165 0.6006
1 -7.1457 -35.1521 1.1109 1.5659 1.8361 4.2668 0.1707 0.5995
6 -36.4251 40.1750 0.5727 1.6478 0.5923 0.4926 -0.8781 0.5958
6 -29.0784 46.1175 0.4164 1.6479 0.5784 0.5946 3.0442 0.5795
6 8.6165 -30.6976 1.0705 1.6917 0.6207 0.5357 -0.4041 0.5621
4 26.1147 30.3215 0.2252 1.1189 0.5364 1.5820 2.7468 0.5609
1 -16.6505 -34.8106 1.4892 1.6370 1.8768 4.3753 3.0376 0.5606
1 -3.4390 -44.2986 1.2314 1.6998 1.8485 4.2750 0.0239 0.5579
6 38.7939 49.4388 0.2401 1.6267 0.6299 0.5746 0.7920 0.5574
6 -27.1459 46.7357 0.4322 1.6638 0.6616 0.7662 3.3647 0.5537
6 -29.7829 -5.1381 1.3103 1.8123 0.6497 0.5694 -0.9687 0.5490
6 -28.4086 46.5657 0.4342 1.6677 0.6137 0.6438 3.1372 0.5471
6 -23.6478 -27.1590 1.2393 1.6499 0.6414 0.5735 3.2330 0.5432
4 21.7363 33.7422 0.4240 1.5307 0.6096 1.6594 4.3984 0.5415
4 19.3384 24.3695 0.3140 1.1769 0.5859 1.5580 1.9488 0.5306
6 -32.7217 -6.1204 1.3104 1.7203 0.6964 0.9237 4.2126 0.5094
1 -33.3356 -47.0824 1.5494 1.5806 1.9062 4.3933 -1.3556 0.5077
6 -26.4255 -43.6181 1.5268 1.6692 0.6127 0.6558 2.9307 0.4948
4 24.9534 29.7104 0.2328 1.1013 0.5467 1.5120 2.4366 0.4937
4 17.2541 23.6576 0.3363 1.0830 0.5572 1.5864 1.8257 0.4908
1 -0.7123 -45.2407 1.1933 1.5303 1.8547 4.2912 -0.1173 0.4900
4 -31.9337 -22.5000 1.1300 1.2380 0.5437 1.6261 3.5923 0.4882
6 -24.5973 -34.0621 1.5108 1.7000 0.6499 0.5965 3.1750 0.4737
6 -37.6328 37.2034 0.7370 1.6690 0.6839 0.6052 3.4834 0.4654
6 -35.4544 -21.1333 1.2682 1.6455 0.5799 0.5421 3.6022 0.4627
6 -29.2919 46.8151 0.3140 1.6239 0.5524 0.5541 2.9782 0.4622
4 -26.6303 48.3516 0.3634 1.6368 0.7164 0.9654 3.0872 0.4622
4 -29.7639 48.6256 0.1274 1.5177 0.6452 1.5484 1.6856 0.4575
4 5.5329 20.6147 0.4741 1.5267 0.8820 1.8069 0.2840 0.4521
6 -36.8412 39.3369 0.5351 1.6894 0.7214 0.8466 -0.5461 0.4391
6 39.5549 48.1040 0.1218 1.6591 0.6645 0.5702 1.2983 0.4236
6 -27.0713 -49.4555 1.4234 1.6990 0.6874 0.6542 3.2006 0.4160
4 5.5833 17.6317 0.6506 1.5815 0.6440 1.5781 0.0593 0.3987
5 -35.7822 -10.3806 1.2978 1.5823 1.2817 2.6907 0.7537 0.3978
6 -28.1773 45.8741 0.4145 1.5807 0.5479 0.6060 3.3725 0.3947
1 -48.8455 36.8795 0.6662 1.5943 1.8480 4.1322 -0.5773 0.3915
6 -30.6273 46.9094 0.3348 1.6997 0.5565 0.4923 3.6212 0.3812
1 -0.6590 -39.3212 0.9135 1.4848 1.8029 4.2205 -0.0355 0.3738
6 9.6030 -29.3242 0.8764 1.5276 0.6541 0.6481 -0.2496 0.3520
6 -44.2744 -27.6663 1.3179 1.6111 0.6021 0.5609 4.3272 0.3374
1 -12.7994 -29.3320 0.9209 1.4955 1.8510 4.3075 3.1110 0.3184
6 -19.3027 -37.0602 1.5896 1.6555 0.5902 0.5401 2.9455 0.2988
6 -40.9265 34.7085 0.8967 1.6547 0.5984 0.5156 0.0254 0.2962
6 -46.2248 -29.1988 2.0513 1.7009 0.6561 0.5688 -0.1059 0.2909
6 -45.7483 47.4306 0.7178 1.6510 0.6511 0.5082 -0.9962 0.2875
7 -44.8583 3.2138 0.9779 0.7292 0.3671 0.3296 1.6741 0.2638
6 34.6071 45.0683 0.3476 1.8026 0.7645 0.7258 1.4241 0.2585
4 26.6664 30.7570 0.1981 1.1311 0.5852 1.7600 2.7986 0.2556
4 5.5372 14.1005 0.7054 1.6251 0.6577 1.6438 0.2142 0.2392
1 -2.3005 -49.7581 0.7734 1.5783 1.8781 4.1186 -0.0867 0.2323
4 27.2849 31.2467 0.1807 1.1668 0.5610 1.6659 2.8336 0.2321
2 -27.3242 -21.2436 1.6695 3.4028 2.8141 8.2724 1.0383 0.2261
4 -29.7327 -26.6616 0.7180 1.1355 0.5727 1.5623 -0.5580 0.2211
6 13.7704 -47.1699 0.9195 1.5580 0.6254 0.5790 3.7981 0.2178
6 -27.7780 -41.6599 1.2496 1.6277 0.6131 0.6534 4.1140 0.2101
1 -9.7117 -41.3228 1.0891 1.5579 1.8214 4.2204 0.0407 0.2057
1 -17.1808 -43.2741 1.3388 1.5400 1.8354 4.1861 2.9748 0.1981
4 -37.6220 39.6377 0.5796 1.5222 0.6083 1.1733 0.5991 0.1933
