1 -31.7353 -2.8682 1.1648 1.5756 2.0260 4.5452 1.1650 0.9019
1 -35.7445 4.8884 1.2370 1.4944 1.9813 4.8556 0.9369 0.8917
1 -3.2869 -11.1377 0.8795 1.5856 2.0323 4.3032 0.0124 0.8888
1 -3.3219 -17.8080 0.8675 1.6118 1.8840 4.0558 0.0004 0.8593
1 -0.1309 -5.7881 0.8003 1.5114 1.9933 4.2490 0.0403 0.8544
1 -45.2008 -11.1742 1.4019 1.5135 1.8513 4.3383 0.9211 0.8470
1 -24.7011 19.4252 1.1552 1.7202 1.9355 4.3798 0.7917 0.8463
4 -12.9471 10.6932 0.9833 1.6810 0.6668 1.9694 0.4615 0.8414
4 -30.6896 6.2358 1.1498 1.5796 0.6591 1.7155 -0.0975 0.8397
1 -30.1083 35.1634 0.6567 1.5192 1.8366 4.2202 3.8614 0.8347
1 -39.8975 6.8627 1.4205 1.6133 1.9555 4.5450 0.8915 0.8264
6 8.3710 -29.7850 1.0881 1.7425 0.6926 0.5569 3.2411 0.8247
1 -24.7971 36.5817 0.6244 1.5460 1.9792 4.4423 3.6991 0.8229
6 7.6871 -28.6220 0.9851 1.6587 0.6416 0.5184 3.1990 0.8191
4 3.1621 9.5950 0.7524 1.5724 0.7218 1.8187 -0.9874 0.8182
1 -12.9514 -21.1698 1.1449 1.5066 1.8506 4.2499 3.1022 0.8065
6 9.2984 -15.1194 1.0714 1.6769 0.5845 0.5319 -0.1754 0.7969
1 -3.3762 -37.8545 0.9249 1.5458 1.8268 4.1644 -0.0503 0.7854
4 16.2416 25.2436 0.4397 1.5578 0.7246 1.5618 0.3097 0.7759
4 9.1802 8.7708 0.5528 1.0991 0.5330 1.5877 -0.0583 0.7687
4 -33.0926 -6.5950 1.3512 1.6590 0.7287 1.7404 1.3142 0.7680
4 7.5979 14.2139 0.6485 1.5314 0.7750 1.5737 0.2165 0.7669
1 -3.3698 -4.4562 0.9300 1.7479 2.1307 4.4791 -0.0192 0.7597
1 0.0451 -19.6946 0.8098 1.5394 1.8698 4.2899 0.0403 0.7586
1 -40.4022 11.4645 1.2072 1.4851 1.9126 4.7342 0.7086 0.7514
6 9.1871 -30.3467 1.0479 1.6896 0.7073 0.6074 3.9767 0.7479
4 7.7703 18.3189 0.5095 1.5376 0.6686 1.6472 0.3764 0.7475
4 5.9649 -23.3021 0.8802 1.6121 0.6712 1.6572 1.8738 0.7440
6 -27.8794 49.2487 0.4672 1.6866 0.6534 0.5816 3.6464 0.7412
1 -6.7005 -26.6369 0.9420 1.5682 1.8468 4.2826 0.0242 0.7377
1 -6.5384 -20.1302 0.9192 1.5290 1.8741 4.2809 0.0130 0.7310
6 -31.8416 -7.0998 1.3549 1.7486 0.6307 0.6152 4.5811 0.7287
1 -32.4193 42.5853 0.6425 1.6637 2.0100 4.3757 2.3735 0.7246
4 7.9517 -14.9581 0.9589 1.6771 0.7805 1.6522 0.2106 0.7204
1 -7.0341 -6.6112 1.0447 1.7194 2.1512 4.7242 0.0086 0.7203
4 -7.5895 8.3096 0.8321 1.6259 0.7731 2.1116 -1.5670 0.7151
3 -43.1714 -0.3311 2.1192 3.1419 2.8415 8.3419 1.0983 0.7098
1 -0.2349 -13.7115 0.8805 1.6293 2.0146 4.3176 0.0010 0.7061
6 -29.7910 -5.1321 1.3382 1.7415 0.6606 0.5738 -1.1786 0.7049
1 -37.5920 -1.0683 1.1483 1.4725 1.9511 4.4777 0.8475 0.7035
1 -6.6418 -13.7277 1.1743 1.8159 1.8759 4.2086 0.0102 0.6980
4 6.2533 -32.3972 0.8615 1.5885 0.6911 1.6445 0.0100 0.6965
4 4.8497 15.3077 0.6253 1.5268 0.7843 1.7929 -0.0240 0.6674
4 -38.6730 -21.6556 1.2050 1.0413 0.5632 1.5810 3.1232 0.6630
4 7.2533 16.0731 0.6719 1.6545 0.7737 1.3617 0.3417 0.6411
4 6.4617 4.4457 0.7004 1.5490 0.6374 1.5709 -0.0077 0.6392
4 8.7499 17.6156 0.5464 1.5573 0.7203 1.6110 0.0796 0.6315
1 -16.6423 -31.3980 1.3850 1.7499 1.8721 4.2877 3.0582 0.6275
6 -37.6025 37.2270 0.7947 1.7404 0.7168 0.6073 -0.3771 0.6271
4 16.1448 22.5837 0.3175 1.1421 0.6133 1.5559 2.7840 0.6226
1 -7.1759 -35.1664 1.1072 1.5672 1.8215 4.2009 0.1076 0.6029
1 0.0333 -31.2843 1.0905 1.7629 2.2344 4.4805 -0.0032 0.6007
6 -28.3267 46.5691 0.4403 1.6594 0.6137 0.5619 3.2598 0.5926
4 6.0734 16.1512 0.6527 1.5965 0.6162 1.4583 -0.0341 0.5792
2 -3.3398 -25.6956 1.8436 3.3303 2.7729 6.5848 0.0128 0.5706
4 24.3523 35.8410 0.2747 1.4159 0.5667 1.5526 0.4521 0.5691
6 -28.8334 44.8501 0.8041 1.6110 0.5544 0.4904 -0.9442 0.5643
1 -3.4401 -44.2984 1.2487 1.7235 1.8511 4.2668 -0.0099 0.5636
6 38.7836 49.4448 0.2479 1.6207 0.6287 0.5593 0.6547 0.5612
1 -33.3832 -46.9229 1.4701 1.6172 1.7889 4.0832 1.9904 0.5555
3 -46.8092 28.7258 1.4211 2.5427 2.4675 6.6131 4.0161 0.5548
5 12.2657 22.7045 0.5149 1.4391 0.9548 2.2928 0.9187 0.5467
4 -36.8797 39.2756 0.5743 1.5583 0.7649 1.9764 2.9413 0.5212
6 10.1481 -49.3672 0.8865 1.5955 0.5363 0.4911 2.8103 0.5182
4 19.3556 24.3882 0.3583 1.2529 0.6142 1.5122 1.8803 0.5177
6 -30.2106 -22.0501 1.3667 1.7345 0.7479 0.6679 2.0512 0.5152
6 -29.0687 46.1012 0.5649 1.6151 0.5630 0.5274 3.6054 0.5059
4 26.1394 30.2711 0.2028 1.0806 0.5316 1.5266 2.4251 0.5030
4 17.2135 23.2852 0.3225 1.1607 0.5868 1.5412 2.0668 0.5028
4 5.5948 17.6839 0.6971 1.6296 0.6225 0.7561 0.0608 0.4921
6 39.6065 48.0956 0.1503 1.6526 0.6724 0.6024 1.0863 0.4920
6 -27.1590 46.7197 0.4454 1.6299 0.6710 0.8791 3.3605 0.4913
1 -16.7340 -41.2370 1.2812 1.5758 1.8770 4.2908 3.1504 0.4891
4 24.9590 29.7140 0.2658 1.1016 0.5431 1.5246 2.3919 0.4871
6 -24.5474 -34.6786 1.3885 1.6420 0.6007 0.5446 3.2900 0.4797
6 -29.2700 48.6834 0.3062 1.6314 0.5844 0.5332 3.2481 0.4785
6 -26.1992 48.7116 0.3946 1.6709 0.7807 1.3479 3.3356 0.4747
1 -0.7000 -45.2329 1.1532 1.5296 1.8446 4.2775 -0.1216 0.4738
6 6.7983 19.8620 0.4814 1.6302 0.6356 0.6584 0.0234 0.4663
4 5.4304 13.8932 0.6594 1.5927 0.6547 0.8375 0.0221 0.4502
6 -23.6717 -27.1462 1.3295 1.6371 0.6318 0.6677 2.8063 0.4496
4 -22.1764 -26.7551 1.1642 1.5706 0.6399 0.9854 2.9917 0.4390
1 -47.8014 4.2736 1.5055 1.6491 1.9373 4.4038 1.5760 0.4346
4 -31.8882 -22.3769 1.1732 1.2345 0.5921 1.6893 3.7107 0.4234
6 9.3081 -42.8405 0.9507 1.5980 0.6477 0.5739 3.1437 0.4204
4 5.5766 20.3475 0.5023 1.5159 0.9022 1.7262 -0.0837 0.3776
4 -26.2519 -44.7399 1.6495 1.5957 0.6693 1.2158 4.6291 0.3720
4 27.2812 31.7149 0.2309 1.0840 0.5495 1.6455 1.9164 0.3563
1 -0.2821 -39.2410 0.9099 1.4851 1.8207 4.2157 -0.1140 0.3520
6 -40.8942 34.7175 0.8061 1.6201 0.6504 0.5251 3.4406 0.3504
6 -33.9500 38.2912 0.6467 1.5965 0.5678 0.7581 3.4363 0.3455
1 -36.5786 -10.8636 1.2381 1.4895 1.8678 4.1231 4.3184 0.3382
6 -45.7619 47.4111 0.6611 1.7014 0.6378 0.4829 -1.2400 0.3289
6 -30.0607 48.5828 0.3410 1.6446 0.6026 0.5546 2.7601 0.3138
6 -27.7405 -41.5738 1.2655 1.6280 0.6448 0.6709 3.4336 0.2782
4 26.7074 30.7615 0.1872 1.0788 0.5797 1.7317 2.1288 0.2702
3 -27.7927 -17.7830 1.6024 2.3580 1.6894 2.5992 1.5593 0.2622
6 -44.3004 38.3576 0.6582 1.6168 0.7566 0.7770 -0.8619 0.2408
6 15.0694 -47.1267 0.9513 1.6355 0.6191 0.5259 2.4666 0.2364
6 24.1500 21.2247 0.7217 1.6128 0.5741 0.6176 2.3455 0.2128
1 -8.7738 -41.7174 0.9747 1.5498 1.8488 4.3934 -0.0256 0.2077
6 14.1601 -47.1587 0.9336 1.5883 0.5884 0.5941 3.7993 0.2039
6 10.9290 -45.2807 0.7851 1.5860 0.6049 0.6235 3.1561 0.1939
6 -20.8112 -43.9059 1.4518 1.6648 0.6063 0.5298 3.1361 0.1860
