1 -35.7278 4.8999 1.2423 1.5386 2.0016 4.7855 0.9362 0.8980
1 -21.6857 22.6090 1.0303 1.7032 1.9539 4.4684 0.7645 0.8838
1 -3.2572 -11.1264 0.8635 1.5555 1.9475 4.2676 -0.0236 0.8806
4 -13.9022 8.1870 0.9965 1.7344 0.7298 1.9578 3.5590 0.8794
1 -0.1222 -5.7572 0.8012 1.5044 1.9861 4.2917 0.0290 0.8569
1 -39.7946 12.8030 1.1626 1.5357 1.8749 4.3528 0.5266 0.8544
1 -3.3063 -17.8162 0.8948 1.6059 1.8454 4.0344 0.0097 0.8468
1 -44.0984 -10.2902 1.3795 1.5011 1.8646 4.4048 0.9215 0.8266
6 9.1817 -14.5959 1.1130 1.6772 0.6431 0.5681 -0.0376 0.8153
4 -30.7451 6.4369 1.1958 1.6251 0.6634 1.7053 -0.1467 0.8049
6 -28.8909 44.8073 0.5866 1.7302 0.6635 0.5382 -0.2756 0.7916
4 -9.2938 8.4063 0.8660 1.7066 0.8115 2.2089 -1.5152 0.7889
4 7.8079 -14.3559 0.9069 1.6604 0.8302 1.7503 0.0688 0.7873
1 -37.6593 -1.0517 1.1596 1.4943 1.9881 4.5374 0.8825 0.7834
1 -21.9261 49.2891 0.4325 1.6169 1.9144 4.3018 3.3742 0.7776
6 -27.8805 49.1318 0.4952 1.7320 0.6531 0.6370 3.4427 0.7749
4 4.8895 15.3424 0.6251 1.5137 0.8211 1.6865 0.1831 0.7746
4 9.1892 8.7397 0.5294 1.0444 0.5369 1.5498 -0.0570 0.7687
4 7.5960 14.2012 0.6741 1.5459 0.7777 1.5700 0.1803 0.7651
4 -32.8433 -6.3603 1.2745 1.5971 0.7696 1.6879 1.2888 0.7642
3 -42.8243 -0.1664 2.0912 3.1135 2.7368 7.8540 1.0780 0.7631
1 0.0407 -19.7467 0.8104 1.5210 1.8983 4.2897 0.0587 0.7573
1 -3.3692 -37.9110 0.9114 1.5392 1.8126 4.1556 -0.0580 0.7531
4 16.2287 25.2457 0.4240 1.5402 0.7000 1.5027 0.2823 0.7507
6 8.3790 -30.2772 1.1330 1.7217 0.6232 0.5644 -0.5316 0.7438
1 -6.4545 -20.1629 0.9486 1.5201 1.8880 4.3291 -0.0065 0.7304
6 7.6730 -29.1205 1.0063 1.6542 0.5807 0.5072 3.0887 0.7287
4 6.0199 -21.8671 0.9265 1.6318 0.7035 1.6205 0.0758 0.7271
1 -27.5898 32.6132 0.6424 1.5043 1.8675 4.3158 3.8099 0.7237
1 -7.0353 -6.6118 1.0505 1.7329 2.1581 4.7233 0.0012 0.7235
1 -3.3884 -4.5431 0.9308 1.7407 2.1285 4.5866 -0.0110 0.7231
6 -31.8489 -7.1094 1.3236 1.7312 0.6266 0.5797 -1.5520 0.7229
4 6.8307 19.8816 0.5632 1.5741 0.6579 1.6067 0.1800 0.7180
1 -6.6764 -26.6249 0.9528 1.5490 1.8348 4.2766 -0.0289 0.7113
1 -30.5705 -2.5469 1.1388 1.5755 1.9862 4.4778 1.2339 0.7105
4 7.2520 16.0896 0.6597 1.6502 0.7985 1.5795 0.2914 0.7075
4 -38.6733 -21.6414 1.2243 1.0502 0.5752 1.5986 3.1232 0.7043
1 -37.0386 9.0633 1.3892 1.6736 2.0426 4.7872 0.9293 0.6854
1 -16.8412 -42.3210 1.2675 1.6414 1.8875 4.3408 3.2711 0.6788
4 7.8317 18.6650 0.4987 1.5560 0.6362 1.6549 0.2564 0.6745
1 -6.6380 -13.7679 1.1655 1.8027 1.9141 4.2486 0.0361 0.6730
1 -0.2197 -13.2805 0.8552 1.6021 2.0210 4.2009 -0.0075 0.6635
6 -26.1194 48.7361 0.3261 1.7004 0.6462 0.5983 3.2896 0.6631
1 -33.3923 -46.9582 1.6293 1.5623 1.8221 4.2012 -1.1112 0.6536
6 8.8835 -29.7787 1.0405 1.6885 0.5927 0.5620 -0.5474 0.6441
1 -32.4433 42.5619 0.5825 1.6581 2.0068 4.3664 2.2525 0.6439
4 8.7882 17.3965 0.6028 1.5799 0.7111 1.6241 0.0169 0.6310
6 -29.7936 -5.1317 1.3282 1.7704 0.6654 0.5714 -0.9834 0.6300
6 9.3260 -42.1797 1.0552 1.6476 0.6082 0.5726 3.0736 0.6298
1 -0.0456 -31.2899 1.1055 1.7937 2.1951 4.4029 0.0112 0.6293
4 2.0048 9.6723 0.7329 1.5802 0.7231 1.8707 -1.4536 0.6256
4 6.4650 4.4149 0.6751 1.5214 0.6317 1.5762 0.0112 0.6243
2 -3.3316 -25.3180 1.8490 3.2680 2.8063 6.5087 0.0048 0.6217
1 -12.8014 -25.2351 1.1383 1.5287 1.8566 4.2255 3.0681 0.6184
3 -46.8266 28.7204 1.3749 2.6112 2.5262 6.6755 4.0822 0.6122
4 16.1483 22.5355 0.3432 1.1279 0.5592 1.5021 2.6874 0.5993
6 -28.3915 46.5709 0.4191 1.7202 0.6022 0.6195 3.0264 0.5902
1 -45.8868 5.7860 1.5199 1.7153 2.0922 4.7507 0.7755 0.5817
6 -29.1036 46.1087 0.5044 1.7567 0.6703 0.7110 0.2985 0.5778
1 -3.4165 -44.3187 1.2345 1.7099 1.8426 4.2693 0.0560 0.5755
6 -31.8161 -19.1248 1.2140 1.6778 0.5992 0.5538 -0.8969 0.5651
4 6.0413 16.1177 0.7036 1.6357 0.5923 1.4294 0.0435 0.5645
6 38.7020 49.4242 0.1857 1.6124 0.6355 0.5438 0.4086 0.5584
4 6.2099 -31.3754 0.8161 1.5465 0.6885 1.6241 0.2221 0.5584
1 -7.2220 -35.6405 1.0178 1.5523 1.8348 4.2687 0.0931 0.5570
6 -24.4658 -34.3777 1.4075 1.6616 0.5952 0.5418 3.3044 0.5385
4 26.1585 30.2638 0.2306 1.0709 0.5355 1.5084 2.3230 0.5384
4 25.0796 29.6973 0.2446 1.0685 0.5528 1.5344 2.6298 0.5344
4 5.5824 17.6682 0.6665 1.5740 0.6262 1.1392 -0.0630 0.5251
4 19.3620 24.3856 0.3220 1.2846 0.6309 1.5752 1.5835 0.5082
6 -25.7831 -44.5620 1.4203 1.7351 0.7610 0.6580 4.1221 0.5052
1 -16.7028 -33.6026 1.4399 1.7153 1.8958 4.4494 3.0202 0.5015
6 -27.1464 46.7009 0.3635 1.6457 0.7001 0.9131 3.3723 0.4953
5 12.2663 22.6985 0.5387 1.4445 0.9171 2.2131 0.9473 0.4943
6 -30.0651 48.5656 0.1885 1.6880 0.6628 0.5668 2.4573 0.4907
6 39.4079 48.0360 0.1467 1.6351 0.6262 0.5405 1.0035 0.4891
6 -23.7024 -27.1285 1.2890 1.6137 0.6345 0.6252 3.2816 0.4743
1 -0.7039 -45.2450 1.1839 1.5357 1.8579 4.2887 -0.1465 0.4662
4 16.8920 23.2542 0.3058 1.1165 0.5493 1.5634 2.3965 0.4650
6 -29.2561 48.7496 0.2798 1.6627 0.5763 0.6031 2.1035 0.4511
5 5.5631 20.6788 0.5317 1.4873 0.8992 1.8849 0.3495 0.4500
6 10.1910 -49.3455 0.9826 1.5993 0.5786 0.5151 3.1193 0.4478
6 -35.4335 -21.1426 1.2373 1.6299 0.5851 0.5295 3.8611 0.4407
6 -28.1337 45.8569 0.3430 1.4791 0.4940 0.5252 -0.3405 0.4404
4 -21.4214 -28.6682 1.1047 1.6442 0.6702 0.7556 2.9961 0.4279
4 27.3261 31.2746 0.1375 1.1388 0.5984 1.6777 2.8719 0.4233
6 -30.2778 -19.5588 0.9403 1.8039 0.7268 0.8451 1.8804 0.4231
1 -0.6913 -39.3025 0.8884 1.4889 1.8149 4.2407 -0.0341 0.4193
4 -46.2452 36.6717 0.4671 1.5407 0.7986 1.7013 -0.8244 0.3973
6 -26.5227 -44.1036 1.5826 1.6567 0.6213 0.6342 -1.2185 0.3827
4 17.6141 23.6492 0.3947 1.1289 0.5749 1.7521 2.2250 0.3510
6 -46.1928 -29.1637 2.1062 1.7011 0.6472 0.5842 4.5457 0.3423
3 -26.3400 -18.8210 1.6859 2.5061 1.7291 2.8481 1.5754 0.3359
6 -34.0914 38.2656 0.7098 1.5903 0.6041 0.8436 2.8511 0.3202
6 -36.4350 40.2835 0.5797 1.6338 0.5807 0.5488 2.7127 0.3077
1 -36.5910 -10.8572 1.2230 1.4845 1.8816 4.1630 4.0029 0.3071
4 -24.9100 49.7384 0.0805 1.5737 0.6474 1.0261 3.1627 0.3043
6 9.6158 -29.8364 0.8292 1.5699 0.5988 0.5578 -0.2083 0.3022
6 -26.3977 47.8656 0.2785 1.4284 0.5155 0.5593 3.1223 0.2988
6 34.6237 45.0540 0.3840 1.7810 0.7668 0.6817 1.1515 0.2936
4 5.5157 13.8633 0.6993 1.5923 0.6852 1.6231 0.1449 0.2862
6 -44.2696 -27.6723 1.2215 1.5039 0.6084 0.5990 4.3762 0.2844
4 -22.6345 -33.7038 1.1086 1.3639 0.7120 1.7170 2.6717 0.2687
6 -20.9124 -45.1570 1.4088 1.6534 0.6002 0.5760 3.3454 0.2678
6 -40.8811 34.7422 0.8605 1.7343 0.6936 0.5560 0.2717 0.2663
4 -31.2072 33.6365 0.7624 1.5781 0.5857 0.8030 3.2767 0.2612
6 -44.7816 -28.5774 1.3370 1.6140 0.6108 0.5525 4.1646 0.2499
6 -49.7531 41.3155 0.8682 1.5351 0.7642 0.8602 -0.8498 0.2458
1 -2.6240 -49.2373 0.7962 1.5088 1.8909 4.2965 0.0007 0.2186
4 23.1610 34.8270 0.3196 1.5306 0.6253 1.7039 0.4109 0.2092
6 -46.8682 -25.1751 1.6204 1.8077 0.5886 0.4825 -0.2834 0.2059
1 -9.2633 -41.6755 1.0350 1.5613 1.8268 4.3098 -0.1665 0.2013
1 -46.6559 -16.2415 1.3880 1.5156 1.9200 4.6209 0.9707 0.1995
6 10.7825 -43.3286 0.7983 1.5016 0.5895 0.6222 -0.1690 0.1981
1 -35.2593 -49.2140 1.5540 1.5460 1.8434 4.3013 2.3446 0.1969
6 15.0788 -47.1385 1.0280 1.5831 0.5449 0.5031 2.4280 0.1935
