1 -25.8714 40.2299 0.7171 1.7715 2.0773 4.7940 3.6249 0.9056
1 -35.7519 4.9209 1.2448 1.5478 2.0372 4.8568 0.9299 0.8863
1 -3.2589 -11.1308 0.8561 1.5663 1.9558 4.2811 -0.0161 0.8820
1 -39.7046 14.3721 1.1695 1.5173 1.8764 4.5507 0.2284 0.8743
1 -0.1152 -5.7633 0.7954 1.5022 1.9835 4.2801 0.0208 0.8648
1 -27.9013 16.8830 1.1824 1.7234 1.9953 4.8020 0.8388 0.8543
1 -3.3063 -17.8158 0.8800 1.6205 1.8465 4.0498 0.0188 0.8537
4 7.7406 -12.3626 0.9692 1.6831 0.7971 1.7363 0.2767 0.8402
4 -2.5693 7.6244 0.8494 1.5819 0.7225 1.8495 4.2201 0.8210
4 19.1392 31.6747 0.3351 1.5846 0.7623 1.7908 4.0894 0.8108
4 -30.7316 6.5991 1.2274 1.6541 0.6727 1.7467 -0.1589 0.8021
1 -6.7012 -26.2400 0.9539 1.5603 1.8603 4.2880 -0.0287 0.8009
1 -37.6295 -1.0785 1.1429 1.4970 1.9657 4.4768 0.8795 0.7942
1 -12.4449 -37.6334 1.2156 1.5994 1.8838 4.3008 3.0817 0.7917
4 -14.8735 8.2306 0.9428 1.6707 0.7962 2.1262 4.6669 0.7837
4 9.1683 8.8044 0.5500 1.0935 0.5376 1.6124 -0.0855 0.7791
1 0.0439 -19.7396 0.8115 1.5190 1.8627 4.2972 0.0827 0.7771
1 -27.2370 -2.4700 1.1080 1.5327 2.0597 4.4035 1.6085 0.7735
4 6.3390 -28.2465 0.8516 1.6052 0.7016 1.7149 0.0749 0.7651
6 -31.8401 -7.0862 1.2404 1.6805 0.6264 0.5574 -1.5701 0.7651
1 -3.3647 -4.4536 0.9348 1.7431 2.1392 4.4825 -0.0096 0.7624
4 7.5954 14.2408 0.6619 1.5644 0.7953 1.5863 0.2831 0.7598
4 -24.9485 48.1074 0.4371 1.6417 0.7254 1.7926 3.3653 0.7545
4 4.8776 15.3266 0.5927 1.5407 0.8779 1.6815 0.0643 0.7525
4 16.2229 25.2343 0.4600 1.5691 0.7236 1.5482 0.3212 0.7416
4 5.9627 -18.1650 0.8168 1.5875 0.6765 1.6232 0.0484 0.7405
1 -33.6297 -46.7885 1.5390 1.5856 1.8444 4.1901 -1.1935 0.7395
3 -43.1700 -0.3052 2.0597 3.1458 2.8830 8.6907 1.0712 0.7394
1 -3.3961 -37.8915 0.9360 1.5360 1.8059 4.1524 -0.0585 0.7377
4 6.4750 4.6044 0.6862 1.5841 0.5965 1.6291 0.0258 0.7377
1 -39.9241 9.9309 1.5165 1.6935 2.1097 5.0292 1.0049 0.7281
1 -7.0352 -6.6173 1.0481 1.7418 2.1493 4.7576 0.0039 0.7257
1 -6.4568 -20.1578 0.9306 1.5746 1.9044 4.3407 0.0099 0.7254
4 6.8833 19.8529 0.5017 1.5481 0.6575 1.6032 0.1194 0.7238
4 -38.6587 -21.6451 1.1767 1.0396 0.5416 1.5547 3.1434 0.7169
4 -34.0656 38.3999 0.7058 1.6070 0.7386 1.8174 2.4432 0.7156
6 8.9512 -12.7247 1.0349 1.6474 0.6263 0.6988 -0.0005 0.7156
1 -16.6440 -36.2390 1.4702 1.6484 1.8699 4.4034 3.0512 0.7089
6 7.9692 -30.6829 1.0063 1.6379 0.6497 0.5617 2.9003 0.7077
4 -16.2706 0.3045 0.8670 1.7946 0.7472 2.3314 0.2730 0.7012
6 -27.8229 48.9638 0.4101 1.6788 0.6202 0.5117 2.9714 0.6967
6 -29.7854 -5.1158 1.2875 1.7703 0.6598 0.5642 -1.3090 0.6939
4 8.8273 17.6346 0.5468 1.5366 0.6986 1.5986 0.1293 0.6843
4 -31.9259 -22.4565 1.1134 1.1739 0.5756 1.6841 3.5272 0.6840
1 -6.6271 -13.7285 1.1627 1.8264 1.8630 4.1852 0.0143 0.6826
1 -41.2764 25.3408 1.0086 1.5211 1.8168 4.2522 4.0742 0.6819
1 -13.0630 33.4175 0.8263 1.6910 1.9445 4.3094 0.6072 0.6818
1 -32.4351 42.5579 0.6134 1.6976 2.1347 4.4978 2.3152 0.6590
6 -27.0433 46.7771 0.3786 1.6444 0.6106 0.5136 3.9973 0.6554
1 -0.2094 -13.2594 0.8475 1.6380 2.0398 4.2346 -0.0300 0.6475
6 9.0406 -31.5580 1.0281 1.6554 0.6662 0.6204 -0.1273 0.6398
2 -3.3299 -25.3018 1.8060 3.2329 2.7941 6.4670 0.0083 0.6340
1 -41.1553 -7.9341 1.2624 1.4943 1.8422 4.2366 0.9145 0.6339
4 16.1434 22.5591 0.3124 1.0883 0.5808 1.5430 2.7214 0.6204
5 12.2900 22.7356 0.5329 1.3440 1.0534 2.3671 0.6615 0.6139
4 7.2602 16.0636 0.6774 1.6718 0.7506 1.3770 0.2486 0.6131
6 8.7656 -28.1526 1.0784 1.7032 0.6132 0.5310 -0.1186 0.6103
1 -0.0436 -31.2711 1.1013 1.8043 2.2005 4.4176 0.0040 0.6065
4 -20.5939 -34.4453 1.2361 1.5545 0.6568 1.6822 3.0657 0.5927
6 -37.5618 37.2214 0.7311 1.7258 0.6512 0.5780 3.2770 0.5918
6 8.3742 -31.6656 1.0518 1.6935 0.6343 0.5798 -0.0778 0.5839
4 5.7573 17.2819 0.6078 1.5650 0.7247 1.8242 -0.2498 0.5728
6 38.7226 49.4518 0.1730 1.6195 0.6131 0.5540 0.5200 0.5715
1 -7.2120 -35.3782 1.0806 1.5183 1.8028 4.1572 3.2511 0.5695
4 19.3107 24.4056 0.3134 1.1674 0.5638 1.5169 1.9403 0.5669
6 -24.6188 -33.6188 1.4430 1.6668 0.6355 0.5743 3.4008 0.5668
6 -32.3380 -5.0941 1.2684 1.6665 0.6847 0.8712 -0.2246 0.5664
1 -49.8489 -14.7422 1.4497 1.5770 1.8816 4.1274 0.2580 0.5611
6 -30.2434 -22.0730 1.4620 1.7619 0.7146 0.7381 2.2478 0.5599
1 -3.4341 -44.3150 1.3061 1.7089 1.8382 4.2366 0.0239 0.5549
6 -36.4201 40.1671 0.5739 1.5924 0.5694 0.5051 2.9846 0.5399
6 -26.1800 48.7353 0.3956 1.6782 0.7595 0.8600 3.2932 0.5356
6 39.7944 47.6105 0.1271 1.6964 0.6968 0.6247 0.8469 0.5299
1 -40.6961 21.0864 0.9688 1.5365 1.8262 4.1987 0.8922 0.5250
4 8.0463 19.6439 0.5117 1.4886 0.6336 1.3489 0.2909 0.5246
6 -30.3449 -18.3819 1.2018 1.7685 0.7127 0.8564 2.5584 0.5170
6 -35.4515 -21.1449 1.2066 1.6012 0.5812 0.5128 3.6480 0.5155
6 -26.3765 -42.5319 1.6197 1.6902 0.6779 0.6428 3.2687 0.5100
4 25.0970 29.7385 0.1956 1.0923 0.5876 1.5989 3.0470 0.5096
4 17.2473 23.6405 0.3510 1.0865 0.5669 1.6249 1.9255 0.5076
4 -36.8438 39.2955 0.5566 1.6330 0.6967 1.0626 2.9674 0.4944
4 5.4049 20.3880 0.4659 1.4817 0.8756 1.6433 -0.0465 0.4936
1 -0.6931 -45.2537 1.1921 1.5270 1.8443 4.2663 -0.1428 0.4927
6 -31.8456 -19.0804 1.1863 1.7259 0.5982 0.5239 1.8433 0.4910
4 5.3754 13.8436 0.6303 1.6080 0.6472 0.8784 0.0015 0.4696
6 -23.6640 -27.1351 1.2756 1.6363 0.6124 0.5758 1.3165 0.4586
6 -27.4657 -48.3145 1.4474 1.7013 0.6504 0.5896 3.4281 0.4573
4 26.1214 30.2659 0.2227 1.1130 0.5246 1.5182 2.5446 0.4539
5 -35.6900 -10.2816 1.2800 1.5142 1.2891 2.9546 0.7467 0.4453
1 -0.6823 -39.2947 0.9028 1.4898 1.8135 4.2260 -0.0596 0.4307
6 -25.3460 -42.9266 1.5142 1.6465 0.5949 0.5177 3.3312 0.4240
6 -46.2586 32.6233 0.5866 1.5849 0.5840 0.5205 -0.4098 0.4218
3 -47.1579 28.6773 1.4190 2.6420 2.5431 7.3658 1.1150 0.3929
6 -44.7740 -28.6350 1.6124 1.5920 0.6582 0.5988 4.2589 0.3828
6 -46.2221 -29.3002 2.0594 1.7112 0.6625 0.5452 0.2325 0.3820
6 9.1784 -40.1654 1.0153 1.5958 0.5056 0.5306 3.1406 0.3619
6 -27.7029 -41.6129 1.4001 1.6588 0.6401 0.6271 4.2359 0.3602
6 -49.7544 41.3322 0.7547 1.4834 0.7057 0.9353 -1.1659 0.3504
6 -19.2854 -37.0735 1.5373 1.6490 0.5525 0.4983 2.9949 0.3370
6 10.2123 -49.3677 0.8199 1.5301 0.6468 0.5614 3.2357 0.3279
4 27.2768 31.2733 0.2051 1.1543 0.5765 1.6741 3.1418 0.3208
1 -41.2370 5.8688 1.3757 1.5093 1.8804 4.4035 1.1067 0.2845
6 -44.3243 -27.7319 1.3753 1.5589 0.6263 0.6147 4.6565 0.2825
4 10.0884 -33.6403 0.6442 1.5145 0.5740 0.9888 0.1803 0.2706
1 -9.7085 -41.3377 1.0859 1.5441 1.8239 4.2296 3.2080 0.2655
6 34.6614 45.0337 0.3129 1.7815 0.7592 0.7217 1.4079 0.2631
6 -26.5847 47.8842 0.2756 1.6350 0.5949 0.5728 3.0668 0.2622
6 -21.1053 -48.7994 1.6062 1.6381 0.5159 0.4961 2.4828 0.2580
2 -24.1789 -23.7796 1.5744 2.8262 2.6375 7.0378 0.4791 0.2509
4 -22.6629 -33.7650 1.1801 1.2964 0.7004 1.8140 2.7574 0.2480
6 -45.7546 47.4443 0.6310 1.6963 0.6122 0.4774 -1.1103 0.2359
1 -18.8072 -43.7491 1.3322 1.5416 1.8378 4.2658 4.6564 0.2204
1 -2.6620 -49.2162 0.8223 1.5375 1.9742 4.1338 -0.1281 0.2158
1 -46.6965 -16.2493 1.3356 1.4368 2.0395 4.9051 0.9472 0.1923
1 -35.2316 -48.7428 1.5192 1.6155 1.8867 4.3883 2.2006 0.1919
4 -31.7903 -20.8815 0.9321 1.0576 0.5098 1.6386 1.8179 0.1842
