1 -30.8451 13.7209 1.2066 1.6455 1.9446 4.4545 0.9048 0.9023
1 -35.7716 4.8812 1.2534 1.4986 1.9747 4.7314 0.9545 0.9012
4 -10.8738 15.6475 0.9582 1.7631 0.7317 1.9221 0.4889 0.8808
1 -3.2853 -11.1262 0.8735 1.5899 1.9975 4.3027 0.0158 0.8795
1 -0.1221 -5.7517 0.7974 1.5146 1.9835 4.2472 0.0366 0.8533
1 -3.3410 -17.8261 0.8784 1.6050 1.8652 4.0654 0.0089 0.8531
4 4.2104 8.7954 0.7123 1.6363 0.7033 1.8109 -0.2469 0.8503
1 -9.0662 41.0869 0.6632 1.6115 1.9486 4.4303 0.5026 0.8458
1 -34.0753 -3.8158 1.1717 1.6174 2.0684 4.8532 1.0453 0.8340
4 9.2185 8.8065 0.5977 1.1235 0.5402 1.6139 -0.1128 0.8326
1 -37.6709 -1.0890 1.1842 1.4802 2.0027 4.7235 0.9018 0.8244
6 7.6226 -27.6596 1.0514 1.7285 0.6526 0.5193 3.2909 0.8210
6 9.3793 -16.2328 1.0248 1.6610 0.6208 0.5758 -0.0758 0.8135
1 -21.3042 44.4342 0.4215 1.5204 1.9196 4.3948 3.3931 0.8050
4 16.2547 25.2552 0.4386 1.5337 0.7019 1.6044 0.4365 0.8035
3 -43.2066 -0.3234 2.0099 3.1288 2.8661 8.5837 1.0194 0.7957
4 -30.6065 5.4843 1.2205 1.6155 0.7023 1.7133 -0.2327 0.7930
1 -3.3830 -4.4494 0.9421 1.7501 2.1845 4.5527 -0.0132 0.7891
4 7.7748 18.3138 0.4874 1.5399 0.6519 1.6520 0.3358 0.7838
6 8.7307 -28.7189 1.1254 1.7282 0.6678 0.5471 -0.1066 0.7824
1 -3.3906 -37.8569 0.8981 1.5289 1.8213 4.1711 -0.0621 0.7815
6 -29.7979 -5.1337 1.3190 1.7692 0.6562 0.5866 -1.0668 0.7803
1 -42.9107 8.6461 1.2353 1.5089 1.9314 4.4293 0.9368 0.7795
1 -16.5555 -27.1654 1.2883 1.9118 2.0052 4.6319 3.1308 0.7742
4 4.8707 15.3492 0.6299 1.5482 0.8518 1.6891 0.1377 0.7664
4 5.9020 -26.1859 0.8866 1.6451 0.6706 1.6591 0.0133 0.7579
1 -47.7101 -12.9429 1.4294 1.5143 1.8666 4.2295 0.9493 0.7507
1 0.0393 -19.7265 0.8121 1.5233 1.8797 4.2823 0.0532 0.7472
1 -26.3408 39.9020 0.5788 1.5445 1.8368 4.1507 3.6506 0.7439
6 -31.8256 -7.1055 1.2616 1.7203 0.6242 0.5812 -1.3418 0.7339
1 -7.0366 -6.6133 1.0441 1.7012 2.1335 4.7246 -0.0004 0.7282
4 -33.9338 38.3376 0.7144 1.6623 0.7178 1.8413 2.4180 0.7281
1 -6.7092 -26.6312 0.9415 1.5706 1.8449 4.2891 0.0273 0.7266
1 -6.6307 -13.7306 1.1924 1.8066 1.8799 4.2175 0.0182 0.7120
1 -0.2271 -13.7124 0.8883 1.6379 2.0214 4.3268 -0.0113 0.7051
4 6.1849 -34.6019 0.8731 1.5459 0.7182 1.7132 0.0906 0.7035
1 -6.5380 -20.1293 0.9063 1.5611 1.8712 4.2857 0.0212 0.7010
4 -33.8487 -7.0863 1.2799 1.6438 0.7283 1.6372 1.2313 0.6975
1 -32.5854 42.4592 0.6580 1.6048 1.9246 4.4167 2.2425 0.6916
1 -13.2250 -13.1874 1.1465 1.5585 1.8369 4.2538 -0.0675 0.6829
5 12.2678 22.7391 0.4924 1.4257 1.1156 2.6660 0.9325 0.6779
4 6.5201 4.4379 0.7292 1.5767 0.6672 1.6204 0.0830 0.6778
4 27.1397 37.8471 0.3020 1.5925 0.7048 1.7139 4.4804 0.6610
4 7.6461 14.2095 0.6373 1.5314 0.7583 1.5536 0.2339 0.6576
6 9.1146 -44.3172 1.0392 1.6061 0.6231 0.6012 2.3299 0.6563
6 -37.6024 37.2467 0.7942 1.8087 0.6857 0.6114 3.7201 0.6526
4 16.1139 22.5319 0.3431 1.1341 0.5964 1.5491 2.8196 0.6472
4 6.8861 19.9046 0.4709 1.5642 0.5818 1.3409 0.0241 0.6328
3 -47.1377 28.5994 1.4755 2.6809 2.6453 6.9870 4.1940 0.6220
4 8.7865 17.6559 0.5150 1.5390 0.7106 1.5993 0.0876 0.6100
2 -3.3167 -25.6572 1.8863 3.2812 2.7526 6.4584 0.0065 0.6018
1 -7.1474 -35.1329 1.0915 1.5698 1.8423 4.2545 0.0801 0.6016
4 -27.1718 46.7347 0.4629 1.6224 0.6955 1.3085 3.3106 0.5971
6 -28.0731 49.6650 0.4604 1.7029 0.6527 0.5433 3.2052 0.5951
1 0.0630 -31.6615 1.0898 1.7643 2.0731 4.4848 -0.0140 0.5936
4 8.2864 -16.1912 0.9683 1.6141 0.7040 1.5184 0.0167 0.5892
4 -4.4941 8.1438 0.8117 1.6775 0.8700 2.3021 -1.4586 0.5889
6 -36.4048 40.1774 0.5498 1.6295 0.6298 0.6581 3.0576 0.5772
1 -3.4503 -44.2780 1.1787 1.6351 1.8125 4.1946 -0.0306 0.5690
1 -33.3872 -46.9395 1.5249 1.5367 1.7932 4.2581 2.0327 0.5672
4 -26.3360 48.7189 0.4442 1.6736 0.7916 1.6409 3.2815 0.5552
6 -31.7764 -19.1344 1.2301 1.7117 0.6016 0.5214 -0.6835 0.5540
1 -45.3074 3.7219 1.2643 1.5244 1.8452 4.2511 -1.5471 0.5435
6 38.7838 49.4036 0.2004 1.6016 0.6285 0.5448 0.3038 0.5404
6 -40.9088 41.4141 0.5636 1.6492 0.7402 0.6345 -0.8064 0.5350
4 7.2462 16.0549 0.6153 1.6676 0.7290 1.0311 0.2134 0.5313
4 6.0585 16.1236 0.6526 1.6233 0.5957 1.3363 0.0499 0.5307
4 5.5283 20.6150 0.5051 1.5374 0.8807 1.8278 0.3371 0.5245
4 19.3294 24.3872 0.3374 1.2118 0.5948 1.5509 1.8564 0.5020
4 5.7537 17.6600 0.6122 1.5858 0.7562 1.4460 -0.1447 0.5016
6 9.2607 -31.6001 1.0379 1.6572 0.5770 0.5323 -0.2862 0.4957
4 24.9610 29.7088 0.3030 1.1184 0.5282 1.5537 2.6755 0.4938
4 26.1561 30.2406 0.2874 1.0993 0.5527 1.6047 2.1761 0.4926
1 -0.6632 -45.2203 1.1668 1.5205 1.8427 4.2683 -0.1132 0.4847
6 -30.2516 -22.0539 1.4591 1.7765 0.6901 0.5909 3.1129 0.4832
6 -28.2391 46.5953 0.5136 1.6421 0.6025 0.6461 3.0424 0.4820
4 17.2336 23.2665 0.3461 1.1646 0.6365 1.5252 1.8619 0.4688
6 -35.4010 -21.1732 1.3366 1.6505 0.5898 0.4939 4.1132 0.4669
6 39.6141 48.2304 0.2234 1.6708 0.6708 0.6104 1.1636 0.4612
4 5.5312 13.8453 0.6583 1.5628 0.6875 1.6284 0.2002 0.4580
6 -23.6748 -27.1382 1.2726 1.6112 0.6160 0.6080 3.1810 0.4508
6 -28.8761 44.8011 0.7381 1.6400 0.5597 0.5001 3.1114 0.4334
4 -37.1081 39.3077 0.5108 1.5440 0.8533 1.8332 2.9898 0.4315
1 -0.6720 -39.2971 0.8904 1.4887 1.8062 4.2119 -0.0497 0.4294
6 -40.8724 34.7632 0.9682 1.7474 0.6423 0.5336 1.1314 0.4147
6 -29.3720 -21.0361 1.2889 1.6839 0.7464 1.0148 1.8693 0.4081
3 -30.2952 -16.7094 1.6221 2.4103 1.6810 2.9124 1.8986 0.3861
6 -46.2346 -29.2187 1.9740 1.7061 0.6263 0.5441 -1.2372 0.3601
6 -45.7403 47.4169 0.7221 1.6758 0.6203 0.4843 -1.2759 0.3455
6 -44.8197 -28.6580 1.6835 1.6245 0.7075 0.6285 4.0141 0.3427
6 34.6134 45.0467 0.3259 1.7967 0.7646 0.6559 1.1462 0.3266
5 -35.7811 -10.3331 1.2516 1.5736 1.2476 2.6867 0.7376 0.3241
6 -24.3969 -23.2708 1.1901 1.6088 0.5436 0.5844 3.1346 0.3132
6 -29.1838 48.6582 0.3577 1.6499 0.6077 0.5702 2.8614 0.3131
6 -44.3011 -27.6454 1.2706 1.6713 0.6314 0.6101 3.8351 0.3069
6 -29.1795 46.1093 0.6663 1.6095 0.5303 0.5216 2.9458 0.3064
4 -31.7795 -22.1762 1.0252 1.1350 0.5774 1.3830 -0.3191 0.2968
4 27.6845 31.2945 0.2312 1.1835 0.5780 1.6956 1.4900 0.2966
6 14.8071 -47.0945 0.9886 1.5914 0.7259 0.5711 3.1385 0.2952
6 -24.8653 -35.5826 1.3841 1.6765 0.6623 0.5530 3.1415 0.2507
6 -26.0635 -45.9081 1.5372 1.6638 0.5885 0.5446 3.9614 0.2454
6 -20.7984 -41.4173 1.4788 1.6441 0.5668 0.5059 2.8791 0.2193
6 -19.3072 -37.0717 1.6055 1.6602 0.5775 0.4998 2.5686 0.1986
1 34.2374 30.2607 0.9274 1.5545 1.8318 4.2740 0.1296 0.1884
6 -19.3881 -39.8857 0.6077 1.5419 0.5337 0.5621 2.5204 0.1879
6 -17.2272 -36.1017 0.6547 1.1185 0.4392 0.4108 3.0473 0.1872
6 -29.7979 48.4416 0.4576 1.6035 0.6129 0.8114 2.8925 0.1863
6 47.6866 47.1400 1.1541 1.6667 0.6696 0.5734 0.6101 0.1849
1 -8.7606 -41.7141 0.9709 1.5472 1.8399 4.3790 -0.0638 0.1777
