4 -8.7978 20.6596 0.9045 1.7406 0.7186 1.8485 0.4238 0.9085
1 -42.3501 22.1711 0.9851 1.5176 1.8752 4.4047 3.9927 0.9039
1 -35.7508 4.8854 1.2490 1.5131 1.9952 4.6621 0.9655 0.8993
1 -3.2824 -11.1477 0.8707 1.5814 2.0266 4.3177 0.0161 0.8944
1 -7.2295 46.1243 0.4981 1.5546 1.9116 4.4703 0.4719 0.8820
1 -12.9350 -5.6304 0.9947 1.7048 1.9280 4.3388 3.1951 0.8654
1 -36.7576 8.8754 1.3562 1.6584 1.9598 4.3574 0.9269 0.8650
1 -23.8489 44.3823 0.4783 1.5495 1.9025 4.2871 3.4779 0.8575
1 -0.1215 -5.7503 0.7992 1.5100 1.9861 4.2505 0.0284 0.8561
6 8.2959 -27.7904 1.0757 1.7474 0.6192 0.5813 3.2016 0.8547
1 -3.3315 -17.8190 0.8714 1.6393 1.8799 4.0812 0.0037 0.8527
6 7.6733 -26.8166 1.0408 1.7238 0.6503 0.6071 3.1634 0.8502
1 -14.0876 32.6224 0.8899 1.6877 1.9996 4.5918 0.6004 0.8420
1 -37.7587 -1.1392 1.2165 1.4265 1.9622 4.8434 0.9187 0.8174
6 -28.8990 44.8354 0.6221 1.7117 0.6560 0.5284 -0.0260 0.8121
6 8.8379 -32.6576 1.0540 1.6737 0.6775 0.5580 3.0708 0.8077
4 7.7784 18.3145 0.4901 1.5388 0.6556 1.6324 0.2998 0.8016
1 0.0612 -19.7084 0.8024 1.5236 1.9137 4.2969 0.0538 0.7995
6 9.3491 -17.3208 1.0552 1.6878 0.6197 0.5690 -0.0136 0.7937
4 -1.7909 7.8329 0.8855 1.7062 0.8678 2.3223 -1.1670 0.7929
3 -43.1672 -0.3250 2.1351 3.1085 2.8487 8.4485 1.0846 0.7847
4 6.2604 -36.7078 0.9054 1.5403 0.7350 1.6356 -0.0796 0.7842
4 -30.5893 4.4147 1.2033 1.6107 0.7565 1.6697 0.1502 0.7839
4 9.2032 8.7738 0.5681 1.0745 0.5417 1.5337 -0.0843 0.7715
1 -3.3693 -4.4585 0.9392 1.7370 2.1498 4.5517 -0.0158 0.7620
6 -29.8073 -5.1728 1.2724 1.7589 0.6568 0.6035 -1.0191 0.7575
1 -36.5744 -5.1026 1.2235 1.5790 2.0085 4.5162 1.1023 0.7565
1 -3.3830 -37.8625 0.9475 1.6088 1.8400 4.1757 -0.0648 0.7549
4 16.2169 25.2553 0.4120 1.5349 0.7017 1.5209 0.2960 0.7483
4 4.8500 15.3555 0.6196 1.5160 0.8316 1.6765 0.1339 0.7381
4 7.6013 14.2231 0.6360 1.5483 0.7918 1.5505 0.2667 0.7378
4 4.2814 7.0733 0.7561 1.6045 0.6975 1.6792 0.0033 0.7370
4 -27.0624 -20.6401 1.1993 1.6008 0.7822 1.7894 2.0501 0.7311
4 5.8673 -29.2728 0.9148 1.6087 0.6408 1.6121 0.0398 0.7276
6 -31.8136 -7.1071 1.2968 1.7303 0.6188 0.5757 4.6871 0.7214
4 -33.9338 38.3302 0.7069 1.6520 0.6965 1.7757 2.4731 0.7174
1 -6.6536 -13.7340 1.1426 1.8354 1.8975 4.2426 0.0175 0.7104
4 6.8234 19.9259 0.5672 1.5697 0.6521 1.6127 0.0597 0.7081
4 -38.6589 -21.6368 1.2193 1.1444 0.6084 1.7144 3.1375 0.7014
1 -7.0327 -6.6045 1.0602 1.6949 2.1467 4.7274 0.0055 0.7012
1 -6.5371 -20.1220 0.9050 1.5552 1.8759 4.2702 0.0175 0.6987
1 -16.4438 -22.2397 1.3394 1.8417 1.9623 4.6884 3.1022 0.6979
4 -34.6401 -7.6809 1.3827 1.5946 0.7442 1.8082 0.9317 0.6956
1 -6.6776 -26.6174 0.9388 1.5763 1.8496 4.2984 0.0127 0.6905
4 6.4585 4.4200 0.7228 1.5817 0.6183 1.6067 0.0073 0.6838
6 -31.7924 -19.1790 1.2252 1.6717 0.5895 0.4760 4.1111 0.6678
1 -32.4298 42.5744 0.5720 1.7002 2.1236 4.4361 2.3024 0.6648
1 -0.2398 -13.2759 0.8644 1.6603 2.0804 4.1978 0.0156 0.6470
4 8.7888 17.6117 0.5525 1.5641 0.7532 1.6294 0.0569 0.6378
4 5.4408 20.3629 0.5242 1.5153 0.8508 1.6838 0.1102 0.6301
6 -26.2001 -46.9043 1.4958 1.6893 0.6710 0.5474 3.0694 0.6048
4 29.8698 39.7861 0.2082 1.5722 0.7154 1.6454 4.4114 0.6046
4 -31.9472 -22.4981 1.0735 1.1475 0.5597 1.6746 3.5478 0.6025
5 12.2687 22.7116 0.4801 1.4353 1.1015 2.4893 0.7553 0.5981
4 -27.1904 46.6917 0.4379 1.5761 0.6504 1.6758 3.4696 0.5975
4 16.1380 22.5903 0.3260 1.1035 0.5736 1.5265 2.8158 0.5964
4 6.0861 16.1577 0.7065 1.6306 0.6339 1.6159 0.1004 0.5952
3 -46.8046 28.7246 1.3979 2.5615 2.5404 6.6751 4.1186 0.5927
6 -28.9457 -21.5530 1.3183 1.6519 0.5739 0.4790 3.3578 0.5900
1 -3.4343 -44.3197 1.2474 1.7009 1.8559 4.2939 -0.0157 0.5868
6 -37.5824 37.2048 0.8219 1.8178 0.6941 0.5927 3.3351 0.5855
1 -0.0413 -31.6416 1.0493 1.7467 2.0572 4.4447 0.0195 0.5824
6 -35.4017 -21.1615 1.2747 1.6271 0.5743 0.5066 3.8915 0.5808
6 -29.0404 46.1152 0.5665 1.7491 0.6595 0.6759 0.2231 0.5743
1 -7.1575 -35.1428 1.0979 1.5800 1.8381 4.2527 0.1089 0.5722
4 -37.8899 44.2372 0.5240 1.6291 0.7102 1.7171 0.3300 0.5658
6 38.7260 49.4168 0.1852 1.5996 0.6093 0.5533 0.3577 0.5630
6 -30.2804 -21.9236 1.3615 1.6829 0.6717 0.7375 2.3062 0.5600
4 -36.8083 39.2798 0.4972 1.6104 0.7722 1.5711 2.7153 0.5483
2 -3.3515 -25.6863 1.8868 3.3198 2.7697 6.6038 0.0156 0.5400
4 7.2498 16.0571 0.6811 1.6946 0.7222 1.0883 0.2276 0.5339
6 8.4011 -17.4156 0.9487 1.6311 0.6966 1.2995 0.0261 0.5278
4 24.9530 29.7351 0.2677 1.0841 0.5449 1.5201 2.4795 0.5127
4 17.2033 23.3103 0.3654 1.1346 0.5642 1.5312 2.3593 0.5097
6 9.3166 -45.6472 0.9481 1.6001 0.5399 0.5459 3.1643 0.5080
1 -0.7626 -45.2434 1.1434 1.5320 1.8515 4.2775 -0.1215 0.5074
4 -36.3447 40.1427 0.4945 1.5865 0.6899 1.4507 2.5153 0.4904
4 19.3696 24.3784 0.2994 1.2716 0.6265 1.5995 1.7765 0.4758
4 5.4753 17.6377 0.5925 1.5932 0.6503 1.5029 -0.1200 0.4613
4 26.1172 30.2255 0.2646 1.0839 0.5190 1.5225 2.1698 0.4594
6 39.5772 48.2915 0.1341 1.6549 0.7461 0.6895 1.2116 0.4565
4 -29.7656 48.6144 0.2190 1.5545 0.6740 1.6178 1.7817 0.4550
6 -23.6583 -27.1537 1.2410 1.6213 0.6195 0.6336 3.2068 0.4544
6 8.9955 -27.7673 0.9820 1.6166 0.6246 0.5875 3.1070 0.4439
5 -35.7813 -10.3782 1.2706 1.5812 1.2640 2.8498 0.6957 0.4419
6 -26.9761 -46.4544 1.6032 1.6417 0.6110 0.5757 2.9464 0.3898
6 -27.8657 49.8487 0.4189 1.6319 0.5802 0.5751 3.1575 0.3725
1 -47.8108 5.1216 1.2937 1.5610 1.8524 4.3117 0.8402 0.3704
6 -44.7422 -28.6882 1.7037 1.6166 0.6804 0.6312 4.6371 0.3676
1 -0.6447 -39.3032 0.9374 1.5011 1.8083 4.2176 -0.0764 0.3543
6 -45.7271 47.4142 0.6750 1.6731 0.6300 0.4973 -1.5154 0.3507
6 -40.8734 34.7726 0.8717 1.7201 0.6472 0.5490 4.4600 0.3439
1 -16.7388 -33.3725 1.1557 1.5474 1.8164 4.1595 3.0389 0.3354
6 14.3706 -47.1375 0.9010 1.5601 0.5748 0.5611 3.1435 0.3318
6 -49.7493 41.3468 0.7728 1.4827 0.7046 0.9163 -1.0431 0.3257
6 -28.1428 45.8757 0.3946 1.3455 0.4773 0.4758 -0.3727 0.3244
6 -46.2378 -29.1957 2.0827 1.7048 0.6641 0.5671 -1.3643 0.3226
6 9.9224 -32.7990 0.7504 1.4886 0.5900 0.6247 -0.3149 0.3190
4 27.7056 30.7793 0.2501 1.1047 0.5809 1.6770 2.6167 0.3094
4 5.5351 14.0883 0.6826 1.5993 0.6797 1.7022 0.3032 0.2960
6 -20.8917 -38.8921 1.3121 1.6370 0.5562 0.5115 3.3656 0.2909
1 -49.8629 -15.2158 1.4385 1.5804 1.8100 4.1120 0.9127 0.2820
6 15.1153 -47.1110 0.9761 1.6174 0.5836 0.5065 3.0798 0.2799
6 -19.2990 -37.0867 1.5884 1.6430 0.5731 0.5051 3.3552 0.2674
6 -44.2978 -27.6762 1.2894 1.5868 0.6421 0.6385 4.4488 0.2608
6 34.6633 45.0452 0.4057 1.7778 0.7659 0.7262 1.1684 0.2499
1 -9.7044 -41.2120 1.0632 1.5646 1.8403 4.2658 0.0325 0.1963
6 -27.8102 -41.5895 1.6081 1.6156 0.6325 0.5754 -0.4700 0.1899
1 -49.7672 8.2816 1.0391 1.5389 1.8952 4.2204 -0.9975 0.1894
6 -47.0737 47.2700 0.5830 1.6373 0.6563 0.6465 0.1114 0.1837
2 -35.7970 -15.7149 1.8123 2.8083 2.5579 6.9445 1.3110 0.1832
1 -44.1661 12.7195 0.8736 1.4808 1.8448 4.3387 1.5303 0.1775
